i_TradePeriodSustainedILROffer,,,,,
-,,,,,
TP1,BOB1101,t1,i_ILROfferMax,3.194,_
TP1,BOB1101,t1,i_ILROfferPrice,0,_
TP1,CPK0331,t1,i_ILROfferMax,2.749,_
TP1,CPK0331,t1,i_ILROfferPrice,0.01,_
TP1,CPK0331,t2,i_ILROfferMax,1.6,_
TP1,CPK0331,t2,i_ILROfferPrice,5.15,_
TP1,CPK0331,t3,i_ILROfferMax,1.1,_
TP1,CPK0331,t3,i_ILROfferPrice,10.29,_
TP1,HAM0331,t1,i_ILROfferMax,4.957,_
TP1,HAM0331,t1,i_ILROfferPrice,0.01,_
TP1,HIN0331,t1,i_ILROfferMax,0.8,_
TP1,HIN0331,t1,i_ILROfferPrice,0,_
TP1,ISL0331,t1,i_ILROfferMax,0,_
TP1,ISL0331,t1,i_ILROfferPrice,0,_
TP1,KAW0111,t1,i_ILROfferMax,3.59,_
TP1,KAW0111,t1,i_ILROfferPrice,600,_
TP1,KAW0111,t2,i_ILROfferMax,1.79,_
TP1,KAW0111,t2,i_ILROfferPrice,601,_
TP1,KAW0111,t3,i_ILROfferMax,0.62,_
TP1,KAW0111,t3,i_ILROfferPrice,602,_
TP1,KAW0113,t1,i_ILROfferMax,62,_
TP1,KAW0113,t1,i_ILROfferPrice,0,_
TP1,KIN0331,t1,i_ILROfferMax,0.6,_
TP1,KIN0331,t1,i_ILROfferPrice,0,_
TP1,KPU0661,t1,i_ILROfferMax,0.4,_
TP1,KPU0661,t1,i_ILROfferPrice,0,_
TP1,MPE1101,t1,i_ILROfferMax,3.5,_
TP1,MPE1101,t1,i_ILROfferPrice,0,_
TP1,PEN0331,t1,i_ILROfferMax,9.35,_
TP1,PEN0331,t1,i_ILROfferPrice,0.01,_
TP1,PEN0331,t2,i_ILROfferMax,4.7,_
TP1,PEN0331,t2,i_ILROfferPrice,0.45,_
TP1,PEN0331,t3,i_ILROfferMax,4.7,_
TP1,PEN0331,t3,i_ILROfferPrice,2.95,_
TP1,PRM0331,t1,i_ILROfferMax,55,_
TP1,PRM0331,t1,i_ILROfferPrice,0,_
TP1,PRM0331,t2,i_ILROfferMax,25,_
TP1,PRM0331,t2,i_ILROfferPrice,0.02,_
TP1,WGN0331,t1,i_ILROfferMax,0,_
TP1,WGN0331,t1,i_ILROfferPrice,0.1,_
TP1,WHI0111,t1,i_ILROfferMax,40,_
TP1,WHI0111,t1,i_ILROfferPrice,0,_
TP1,WHU0331,t1,i_ILROfferMax,0.4,_
TP1,WHU0331,t1,i_ILROfferPrice,0,_
TP1,WKO0331,t1,i_ILROfferMax,0.7,_
TP1,WKO0331,t1,i_ILROfferPrice,0,_
TP2,BOB1101,t1,i_ILROfferMax,2.773,_
TP2,BOB1101,t1,i_ILROfferPrice,0,_
TP2,CPK0331,t1,i_ILROfferMax,2.44,_
TP2,CPK0331,t1,i_ILROfferPrice,0.01,_
TP2,CPK0331,t2,i_ILROfferMax,1.5,_
TP2,CPK0331,t2,i_ILROfferPrice,5.15,_
TP2,CPK0331,t3,i_ILROfferMax,1,_
TP2,CPK0331,t3,i_ILROfferPrice,10.29,_
TP2,HAM0331,t1,i_ILROfferMax,4,_
TP2,HAM0331,t1,i_ILROfferPrice,0.01,_
TP2,HIN0331,t1,i_ILROfferMax,0.8,_
TP2,HIN0331,t1,i_ILROfferPrice,0,_
TP2,ISL0331,t1,i_ILROfferMax,0,_
TP2,ISL0331,t1,i_ILROfferPrice,0,_
TP2,KAW0111,t1,i_ILROfferMax,3.59,_
TP2,KAW0111,t1,i_ILROfferPrice,600,_
TP2,KAW0111,t2,i_ILROfferMax,1.79,_
TP2,KAW0111,t2,i_ILROfferPrice,601,_
TP2,KAW0111,t3,i_ILROfferMax,0.62,_
TP2,KAW0111,t3,i_ILROfferPrice,602,_
TP2,KAW0113,t1,i_ILROfferMax,62,_
TP2,KAW0113,t1,i_ILROfferPrice,0,_
TP2,KIN0331,t1,i_ILROfferMax,0.4,_
TP2,KIN0331,t1,i_ILROfferPrice,0,_
TP2,KPU0661,t1,i_ILROfferMax,0.3,_
TP2,KPU0661,t1,i_ILROfferPrice,0,_
TP2,MPE1101,t1,i_ILROfferMax,3.5,_
TP2,MPE1101,t1,i_ILROfferPrice,0,_
TP2,PEN0331,t1,i_ILROfferMax,7.45,_
TP2,PEN0331,t1,i_ILROfferPrice,0.01,_
TP2,PEN0331,t2,i_ILROfferMax,3.7,_
TP2,PEN0331,t2,i_ILROfferPrice,0.45,_
TP2,PEN0331,t3,i_ILROfferMax,3.7,_
TP2,PEN0331,t3,i_ILROfferPrice,2.95,_
TP2,PRM0331,t1,i_ILROfferMax,55,_
TP2,PRM0331,t1,i_ILROfferPrice,0,_
TP2,PRM0331,t2,i_ILROfferMax,25,_
TP2,PRM0331,t2,i_ILROfferPrice,0.02,_
TP2,WGN0331,t1,i_ILROfferMax,0,_
TP2,WGN0331,t1,i_ILROfferPrice,0.1,_
TP2,WHI0111,t1,i_ILROfferMax,40,_
TP2,WHI0111,t1,i_ILROfferPrice,0,_
TP2,WHU0331,t1,i_ILROfferMax,0.3,_
TP2,WHU0331,t1,i_ILROfferPrice,0,_
TP2,WKO0331,t1,i_ILROfferMax,0.2,_
TP2,WKO0331,t1,i_ILROfferPrice,0,_
TP3,BOB1101,t1,i_ILROfferMax,2.623,_
TP3,BOB1101,t1,i_ILROfferPrice,0,_
TP3,CPK0331,t1,i_ILROfferMax,2.131,_
TP3,CPK0331,t1,i_ILROfferPrice,0.01,_
TP3,CPK0331,t2,i_ILROfferMax,1.3,_
TP3,CPK0331,t2,i_ILROfferPrice,5.15,_
TP3,CPK0331,t3,i_ILROfferMax,0.9,_
TP3,CPK0331,t3,i_ILROfferPrice,10.29,_
TP3,HAM0331,t1,i_ILROfferMax,3.255,_
TP3,HAM0331,t1,i_ILROfferPrice,0.01,_
TP3,HIN0331,t1,i_ILROfferMax,0.5,_
TP3,HIN0331,t1,i_ILROfferPrice,0,_
TP3,ISL0331,t1,i_ILROfferMax,0,_
TP3,ISL0331,t1,i_ILROfferPrice,0,_
TP3,KAW0111,t1,i_ILROfferMax,3.59,_
TP3,KAW0111,t1,i_ILROfferPrice,600,_
TP3,KAW0111,t2,i_ILROfferMax,1.79,_
TP3,KAW0111,t2,i_ILROfferPrice,601,_
TP3,KAW0111,t3,i_ILROfferMax,0.62,_
TP3,KAW0111,t3,i_ILROfferPrice,602,_
TP3,KAW0113,t1,i_ILROfferMax,62,_
TP3,KAW0113,t1,i_ILROfferPrice,0,_
TP3,KIN0331,t1,i_ILROfferMax,0.3,_
TP3,KIN0331,t1,i_ILROfferPrice,0,_
TP3,KPU0661,t1,i_ILROfferMax,0.3,_
TP3,KPU0661,t1,i_ILROfferPrice,0,_
TP3,MPE1101,t1,i_ILROfferMax,3.5,_
TP3,MPE1101,t1,i_ILROfferPrice,0,_
TP3,PEN0331,t1,i_ILROfferMax,6.4,_
TP3,PEN0331,t1,i_ILROfferPrice,0.01,_
TP3,PEN0331,t2,i_ILROfferMax,3.2,_
TP3,PEN0331,t2,i_ILROfferPrice,0.45,_
TP3,PEN0331,t3,i_ILROfferMax,3.2,_
TP3,PEN0331,t3,i_ILROfferPrice,2.95,_
TP3,PRM0331,t1,i_ILROfferMax,55,_
TP3,PRM0331,t1,i_ILROfferPrice,0,_
TP3,PRM0331,t2,i_ILROfferMax,25,_
TP3,PRM0331,t2,i_ILROfferPrice,0.02,_
TP3,WGN0331,t1,i_ILROfferMax,0,_
TP3,WGN0331,t1,i_ILROfferPrice,0.1,_
TP3,WHI0111,t1,i_ILROfferMax,40,_
TP3,WHI0111,t1,i_ILROfferPrice,0,_
TP3,WHU0331,t1,i_ILROfferMax,0.3,_
TP3,WHU0331,t1,i_ILROfferPrice,0,_
TP3,WKO0331,t1,i_ILROfferMax,0.2,_
TP3,WKO0331,t1,i_ILROfferPrice,0,_
TP4,BOB1101,t1,i_ILROfferMax,2.388,_
TP4,BOB1101,t1,i_ILROfferPrice,0,_
TP4,CPK0331,t1,i_ILROfferMax,1.835,_
TP4,CPK0331,t1,i_ILROfferPrice,0.01,_
TP4,CPK0331,t2,i_ILROfferMax,1.1,_
TP4,CPK0331,t2,i_ILROfferPrice,5.15,_
TP4,CPK0331,t3,i_ILROfferMax,0.7,_
TP4,CPK0331,t3,i_ILROfferPrice,10.29,_
TP4,HAM0331,t1,i_ILROfferMax,2.86,_
TP4,HAM0331,t1,i_ILROfferPrice,0.01,_
TP4,HIN0331,t1,i_ILROfferMax,0.5,_
TP4,HIN0331,t1,i_ILROfferPrice,0,_
TP4,ISL0331,t1,i_ILROfferMax,0,_
TP4,ISL0331,t1,i_ILROfferPrice,0,_
TP4,KAW0111,t1,i_ILROfferMax,3.59,_
TP4,KAW0111,t1,i_ILROfferPrice,600,_
TP4,KAW0111,t2,i_ILROfferMax,1.79,_
TP4,KAW0111,t2,i_ILROfferPrice,601,_
TP4,KAW0111,t3,i_ILROfferMax,0.62,_
TP4,KAW0111,t3,i_ILROfferPrice,602,_
TP4,KAW0113,t1,i_ILROfferMax,62,_
TP4,KAW0113,t1,i_ILROfferPrice,0,_
TP4,KIN0331,t1,i_ILROfferMax,0.3,_
TP4,KIN0331,t1,i_ILROfferPrice,0,_
TP4,KPU0661,t1,i_ILROfferMax,0.3,_
TP4,KPU0661,t1,i_ILROfferPrice,0,_
TP4,MPE1101,t1,i_ILROfferMax,3.5,_
TP4,MPE1101,t1,i_ILROfferPrice,0,_
TP4,PEN0331,t1,i_ILROfferMax,5.65,_
TP4,PEN0331,t1,i_ILROfferPrice,0.01,_
TP4,PEN0331,t2,i_ILROfferMax,2.8,_
TP4,PEN0331,t2,i_ILROfferPrice,0.45,_
TP4,PEN0331,t3,i_ILROfferMax,2.8,_
TP4,PEN0331,t3,i_ILROfferPrice,2.95,_
TP4,PRM0331,t1,i_ILROfferMax,55,_
TP4,PRM0331,t1,i_ILROfferPrice,0,_
TP4,PRM0331,t2,i_ILROfferMax,25,_
TP4,PRM0331,t2,i_ILROfferPrice,0.02,_
TP4,WGN0331,t1,i_ILROfferMax,0,_
TP4,WGN0331,t1,i_ILROfferPrice,0.1,_
TP4,WHI0111,t1,i_ILROfferMax,40,_
TP4,WHI0111,t1,i_ILROfferPrice,0,_
TP4,WHU0331,t1,i_ILROfferMax,0.3,_
TP4,WHU0331,t1,i_ILROfferPrice,0,_
TP4,WKO0331,t1,i_ILROfferMax,0.2,_
TP4,WKO0331,t1,i_ILROfferPrice,0,_
TP5,BOB1101,t1,i_ILROfferMax,2.021,_
TP5,BOB1101,t1,i_ILROfferPrice,0,_
TP5,CPK0331,t1,i_ILROfferMax,1.54,_
TP5,CPK0331,t1,i_ILROfferPrice,0.01,_
TP5,CPK0331,t2,i_ILROfferMax,0.9,_
TP5,CPK0331,t2,i_ILROfferPrice,5.15,_
TP5,CPK0331,t3,i_ILROfferMax,0.6,_
TP5,CPK0331,t3,i_ILROfferPrice,10.29,_
TP5,HAM0331,t1,i_ILROfferMax,2.667,_
TP5,HAM0331,t1,i_ILROfferPrice,0.01,_
TP5,HIN0331,t1,i_ILROfferMax,0.5,_
TP5,HIN0331,t1,i_ILROfferPrice,0,_
TP5,ISL0331,t1,i_ILROfferMax,0,_
TP5,ISL0331,t1,i_ILROfferPrice,0,_
TP5,KAW0111,t1,i_ILROfferMax,3.59,_
TP5,KAW0111,t1,i_ILROfferPrice,600,_
TP5,KAW0111,t2,i_ILROfferMax,1.79,_
TP5,KAW0111,t2,i_ILROfferPrice,601,_
TP5,KAW0111,t3,i_ILROfferMax,0.62,_
TP5,KAW0111,t3,i_ILROfferPrice,602,_
TP5,KAW0113,t1,i_ILROfferMax,62,_
TP5,KAW0113,t1,i_ILROfferPrice,0,_
TP5,KIN0331,t1,i_ILROfferMax,0.3,_
TP5,KIN0331,t1,i_ILROfferPrice,0,_
TP5,KPU0661,t1,i_ILROfferMax,0.3,_
TP5,KPU0661,t1,i_ILROfferPrice,0,_
TP5,MPE1101,t1,i_ILROfferMax,0,_
TP5,MPE1101,t1,i_ILROfferPrice,0,_
TP5,PEN0331,t1,i_ILROfferMax,5.3,_
TP5,PEN0331,t1,i_ILROfferPrice,0.01,_
TP5,PEN0331,t2,i_ILROfferMax,2.7,_
TP5,PEN0331,t2,i_ILROfferPrice,0.45,_
TP5,PEN0331,t3,i_ILROfferMax,2.7,_
TP5,PEN0331,t3,i_ILROfferPrice,2.95,_
TP5,PRM0331,t1,i_ILROfferMax,55,_
TP5,PRM0331,t1,i_ILROfferPrice,0,_
TP5,PRM0331,t2,i_ILROfferMax,83.207,_
TP5,PRM0331,t2,i_ILROfferPrice,0.02,_
TP5,WGN0331,t1,i_ILROfferMax,0,_
TP5,WGN0331,t1,i_ILROfferPrice,0.1,_
TP5,WHI0111,t1,i_ILROfferMax,40,_
TP5,WHI0111,t1,i_ILROfferPrice,0,_
TP5,WHU0331,t1,i_ILROfferMax,0.3,_
TP5,WHU0331,t1,i_ILROfferPrice,0,_
TP5,WKO0331,t1,i_ILROfferMax,0.2,_
TP5,WKO0331,t1,i_ILROfferPrice,0,_
TP6,BOB1101,t1,i_ILROfferMax,2.433,_
TP6,BOB1101,t1,i_ILROfferPrice,0,_
TP6,CPK0331,t1,i_ILROfferMax,1.385,_
TP6,CPK0331,t1,i_ILROfferPrice,0.01,_
TP6,CPK0331,t2,i_ILROfferMax,0.8,_
TP6,CPK0331,t2,i_ILROfferPrice,5.15,_
TP6,CPK0331,t3,i_ILROfferMax,0.6,_
TP6,CPK0331,t3,i_ILROfferPrice,10.29,_
TP6,HAM0331,t1,i_ILROfferMax,2.667,_
TP6,HAM0331,t1,i_ILROfferPrice,0.01,_
TP6,HIN0331,t1,i_ILROfferMax,0.5,_
TP6,HIN0331,t1,i_ILROfferPrice,0,_
TP6,ISL0331,t1,i_ILROfferMax,0,_
TP6,ISL0331,t1,i_ILROfferPrice,0,_
TP6,KAW0111,t1,i_ILROfferMax,3.59,_
TP6,KAW0111,t1,i_ILROfferPrice,600,_
TP6,KAW0111,t2,i_ILROfferMax,1.79,_
TP6,KAW0111,t2,i_ILROfferPrice,601,_
TP6,KAW0111,t3,i_ILROfferMax,0.62,_
TP6,KAW0111,t3,i_ILROfferPrice,602,_
TP6,KAW0113,t1,i_ILROfferMax,62,_
TP6,KAW0113,t1,i_ILROfferPrice,0,_
TP6,KIN0331,t1,i_ILROfferMax,0.3,_
TP6,KIN0331,t1,i_ILROfferPrice,0,_
TP6,KPU0661,t1,i_ILROfferMax,0.2,_
TP6,KPU0661,t1,i_ILROfferPrice,0,_
TP6,MPE1101,t1,i_ILROfferMax,0,_
TP6,MPE1101,t1,i_ILROfferPrice,0,_
TP6,PEN0331,t1,i_ILROfferMax,4.85,_
TP6,PEN0331,t1,i_ILROfferPrice,0.01,_
TP6,PEN0331,t2,i_ILROfferMax,2.4,_
TP6,PEN0331,t2,i_ILROfferPrice,0.45,_
TP6,PEN0331,t3,i_ILROfferMax,2.4,_
TP6,PEN0331,t3,i_ILROfferPrice,2.95,_
TP6,PRM0331,t1,i_ILROfferMax,55,_
TP6,PRM0331,t1,i_ILROfferPrice,0,_
TP6,PRM0331,t2,i_ILROfferMax,85,_
TP6,PRM0331,t2,i_ILROfferPrice,0.02,_
TP6,WGN0331,t1,i_ILROfferMax,0,_
TP6,WGN0331,t1,i_ILROfferPrice,0.1,_
TP6,WHI0111,t1,i_ILROfferMax,40,_
TP6,WHI0111,t1,i_ILROfferPrice,0,_
TP6,WHU0331,t1,i_ILROfferMax,0.2,_
TP6,WHU0331,t1,i_ILROfferPrice,0,_
TP6,WKO0331,t1,i_ILROfferMax,0.2,_
TP6,WKO0331,t1,i_ILROfferPrice,0,_
TP7,BOB1101,t1,i_ILROfferMax,2.61,_
TP7,BOB1101,t1,i_ILROfferPrice,0,_
TP7,CPK0331,t1,i_ILROfferMax,1.23,_
TP7,CPK0331,t1,i_ILROfferPrice,0.01,_
TP7,CPK0331,t2,i_ILROfferMax,0.7,_
TP7,CPK0331,t2,i_ILROfferPrice,5.15,_
TP7,CPK0331,t3,i_ILROfferMax,0.5,_
TP7,CPK0331,t3,i_ILROfferPrice,10.29,_
TP7,HAM0331,t1,i_ILROfferMax,2.667,_
TP7,HAM0331,t1,i_ILROfferPrice,0.01,_
TP7,HIN0331,t1,i_ILROfferMax,0.5,_
TP7,HIN0331,t1,i_ILROfferPrice,0,_
TP7,ISL0331,t1,i_ILROfferMax,0,_
TP7,ISL0331,t1,i_ILROfferPrice,0,_
TP7,KAW0111,t1,i_ILROfferMax,3.59,_
TP7,KAW0111,t1,i_ILROfferPrice,600,_
TP7,KAW0111,t2,i_ILROfferMax,1.79,_
TP7,KAW0111,t2,i_ILROfferPrice,601,_
TP7,KAW0111,t3,i_ILROfferMax,0.62,_
TP7,KAW0111,t3,i_ILROfferPrice,602,_
TP7,KAW0113,t1,i_ILROfferMax,62,_
TP7,KAW0113,t1,i_ILROfferPrice,0,_
TP7,KIN0331,t1,i_ILROfferMax,0.2,_
TP7,KIN0331,t1,i_ILROfferPrice,0,_
TP7,KPU0661,t1,i_ILROfferMax,0.2,_
TP7,KPU0661,t1,i_ILROfferPrice,0,_
TP7,MPE1101,t1,i_ILROfferMax,0,_
TP7,MPE1101,t1,i_ILROfferPrice,0,_
TP7,PEN0331,t1,i_ILROfferMax,5,_
TP7,PEN0331,t1,i_ILROfferPrice,0.01,_
TP7,PEN0331,t2,i_ILROfferMax,2.5,_
TP7,PEN0331,t2,i_ILROfferPrice,0.45,_
TP7,PEN0331,t3,i_ILROfferMax,2.5,_
TP7,PEN0331,t3,i_ILROfferPrice,2.95,_
TP7,PRM0331,t1,i_ILROfferMax,55,_
TP7,PRM0331,t1,i_ILROfferPrice,0,_
TP7,PRM0331,t2,i_ILROfferMax,77.678,_
TP7,PRM0331,t2,i_ILROfferPrice,0.02,_
TP7,WGN0331,t1,i_ILROfferMax,0,_
TP7,WGN0331,t1,i_ILROfferPrice,0.1,_
TP7,WHI0111,t1,i_ILROfferMax,40,_
TP7,WHI0111,t1,i_ILROfferPrice,0,_
TP7,WHU0331,t1,i_ILROfferMax,0.2,_
TP7,WHU0331,t1,i_ILROfferPrice,0,_
TP7,WKO0331,t1,i_ILROfferMax,0.2,_
TP7,WKO0331,t1,i_ILROfferPrice,0,_
TP8,BOB1101,t1,i_ILROfferMax,2.905,_
TP8,BOB1101,t1,i_ILROfferPrice,0,_
TP8,CPK0331,t1,i_ILROfferMax,1.203,_
TP8,CPK0331,t1,i_ILROfferPrice,0.01,_
TP8,CPK0331,t2,i_ILROfferMax,0.7,_
TP8,CPK0331,t2,i_ILROfferPrice,5.15,_
TP8,CPK0331,t3,i_ILROfferMax,0.5,_
TP8,CPK0331,t3,i_ILROfferPrice,10.29,_
TP8,HAM0331,t1,i_ILROfferMax,2.667,_
TP8,HAM0331,t1,i_ILROfferPrice,0.01,_
TP8,HIN0331,t1,i_ILROfferMax,0.5,_
TP8,HIN0331,t1,i_ILROfferPrice,0,_
TP8,ISL0331,t1,i_ILROfferMax,0,_
TP8,ISL0331,t1,i_ILROfferPrice,0,_
TP8,KAW0111,t1,i_ILROfferMax,3.59,_
TP8,KAW0111,t1,i_ILROfferPrice,600,_
TP8,KAW0111,t2,i_ILROfferMax,1.79,_
TP8,KAW0111,t2,i_ILROfferPrice,601,_
TP8,KAW0111,t3,i_ILROfferMax,0.62,_
TP8,KAW0111,t3,i_ILROfferPrice,602,_
TP8,KAW0113,t1,i_ILROfferMax,62,_
TP8,KAW0113,t1,i_ILROfferPrice,0,_
TP8,KIN0331,t1,i_ILROfferMax,0.2,_
TP8,KIN0331,t1,i_ILROfferPrice,0,_
TP8,KPU0661,t1,i_ILROfferMax,0.2,_
TP8,KPU0661,t1,i_ILROfferPrice,0,_
TP8,MPE1101,t1,i_ILROfferMax,0,_
TP8,MPE1101,t1,i_ILROfferPrice,0,_
TP8,PEN0331,t1,i_ILROfferMax,5.3,_
TP8,PEN0331,t1,i_ILROfferPrice,0.01,_
TP8,PEN0331,t2,i_ILROfferMax,2.7,_
TP8,PEN0331,t2,i_ILROfferPrice,0.45,_
TP8,PEN0331,t3,i_ILROfferMax,2.7,_
TP8,PEN0331,t3,i_ILROfferPrice,2.95,_
TP8,PRM0331,t1,i_ILROfferMax,55,_
TP8,PRM0331,t1,i_ILROfferPrice,0,_
TP8,PRM0331,t2,i_ILROfferMax,77.602,_
TP8,PRM0331,t2,i_ILROfferPrice,0.02,_
TP8,WGN0331,t1,i_ILROfferMax,0,_
TP8,WGN0331,t1,i_ILROfferPrice,0.1,_
TP8,WHI0111,t1,i_ILROfferMax,40,_
TP8,WHI0111,t1,i_ILROfferPrice,0,_
TP8,WHU0331,t1,i_ILROfferMax,0.3,_
TP8,WHU0331,t1,i_ILROfferPrice,0,_
TP8,WKO0331,t1,i_ILROfferMax,0.2,_
TP8,WKO0331,t1,i_ILROfferPrice,0,_
TP9,BOB1101,t1,i_ILROfferMax,3.2,_
TP9,BOB1101,t1,i_ILROfferPrice,0,_
TP9,CPK0331,t1,i_ILROfferMax,1.176,_
TP9,CPK0331,t1,i_ILROfferPrice,0.01,_
TP9,CPK0331,t2,i_ILROfferMax,0.7,_
TP9,CPK0331,t2,i_ILROfferPrice,5.15,_
TP9,CPK0331,t3,i_ILROfferMax,0.5,_
TP9,CPK0331,t3,i_ILROfferPrice,10.29,_
TP9,HAM0331,t1,i_ILROfferMax,2.815,_
TP9,HAM0331,t1,i_ILROfferPrice,0.01,_
TP9,HIN0331,t1,i_ILROfferMax,0.5,_
TP9,HIN0331,t1,i_ILROfferPrice,0,_
TP9,ISL0331,t1,i_ILROfferMax,0,_
TP9,ISL0331,t1,i_ILROfferPrice,0,_
TP9,KAW0111,t1,i_ILROfferMax,3.59,_
TP9,KAW0111,t1,i_ILROfferPrice,600,_
TP9,KAW0111,t2,i_ILROfferMax,1.79,_
TP9,KAW0111,t2,i_ILROfferPrice,601,_
TP9,KAW0111,t3,i_ILROfferMax,0.62,_
TP9,KAW0111,t3,i_ILROfferPrice,602,_
TP9,KAW0113,t1,i_ILROfferMax,62,_
TP9,KAW0113,t1,i_ILROfferPrice,0,_
TP9,KIN0331,t1,i_ILROfferMax,0.4,_
TP9,KIN0331,t1,i_ILROfferPrice,0,_
TP9,KPU0661,t1,i_ILROfferMax,0.2,_
TP9,KPU0661,t1,i_ILROfferPrice,0,_
TP9,MPE1101,t1,i_ILROfferMax,0,_
TP9,MPE1101,t1,i_ILROfferPrice,0,_
TP9,PEN0331,t1,i_ILROfferMax,5.8,_
TP9,PEN0331,t1,i_ILROfferPrice,0.01,_
TP9,PEN0331,t2,i_ILROfferMax,2.9,_
TP9,PEN0331,t2,i_ILROfferPrice,0.45,_
TP9,PEN0331,t3,i_ILROfferMax,2.9,_
TP9,PEN0331,t3,i_ILROfferPrice,2.95,_
TP9,PRM0331,t1,i_ILROfferMax,55,_
TP9,PRM0331,t1,i_ILROfferPrice,0,_
TP9,PRM0331,t2,i_ILROfferMax,69.751,_
TP9,PRM0331,t2,i_ILROfferPrice,0.02,_
TP9,WGN0331,t1,i_ILROfferMax,0,_
TP9,WGN0331,t1,i_ILROfferPrice,0.1,_
TP9,WHI0111,t1,i_ILROfferMax,40,_
TP9,WHI0111,t1,i_ILROfferPrice,0,_
TP9,WHU0331,t1,i_ILROfferMax,0.3,_
TP9,WHU0331,t1,i_ILROfferPrice,0,_
TP9,WKO0331,t1,i_ILROfferMax,0.2,_
TP9,WKO0331,t1,i_ILROfferPrice,0,_
TP10,BOB1101,t1,i_ILROfferMax,3.494,_
TP10,BOB1101,t1,i_ILROfferPrice,0,_
TP10,CPK0331,t1,i_ILROfferMax,1.089,_
TP10,CPK0331,t1,i_ILROfferPrice,0.01,_
TP10,CPK0331,t2,i_ILROfferMax,0.7,_
TP10,CPK0331,t2,i_ILROfferPrice,5.15,_
TP10,CPK0331,t3,i_ILROfferMax,0.4,_
TP10,CPK0331,t3,i_ILROfferPrice,10.29,_
TP10,HAM0331,t1,i_ILROfferMax,3.228,_
TP10,HAM0331,t1,i_ILROfferPrice,0.01,_
TP10,HIN0331,t1,i_ILROfferMax,0.5,_
TP10,HIN0331,t1,i_ILROfferPrice,0,_
TP10,ISL0331,t1,i_ILROfferMax,0,_
TP10,ISL0331,t1,i_ILROfferPrice,0,_
TP10,KAW0111,t1,i_ILROfferMax,3.59,_
TP10,KAW0111,t1,i_ILROfferPrice,600,_
TP10,KAW0111,t2,i_ILROfferMax,1.79,_
TP10,KAW0111,t2,i_ILROfferPrice,601,_
TP10,KAW0111,t3,i_ILROfferMax,0.62,_
TP10,KAW0111,t3,i_ILROfferPrice,602,_
TP10,KAW0113,t1,i_ILROfferMax,62,_
TP10,KAW0113,t1,i_ILROfferPrice,0,_
TP10,KIN0331,t1,i_ILROfferMax,0.4,_
TP10,KIN0331,t1,i_ILROfferPrice,0,_
TP10,KPU0661,t1,i_ILROfferMax,0.2,_
TP10,KPU0661,t1,i_ILROfferPrice,0,_
TP10,MPE1101,t1,i_ILROfferMax,0,_
TP10,MPE1101,t1,i_ILROfferPrice,0,_
TP10,PEN0331,t1,i_ILROfferMax,6.35,_
TP10,PEN0331,t1,i_ILROfferPrice,0.01,_
TP10,PEN0331,t2,i_ILROfferMax,3.2,_
TP10,PEN0331,t2,i_ILROfferPrice,0.45,_
TP10,PEN0331,t3,i_ILROfferMax,3.2,_
TP10,PEN0331,t3,i_ILROfferPrice,2.95,_
TP10,PRM0331,t1,i_ILROfferMax,55,_
TP10,PRM0331,t1,i_ILROfferPrice,0,_
TP10,PRM0331,t2,i_ILROfferMax,69.729,_
TP10,PRM0331,t2,i_ILROfferPrice,0.02,_
TP10,WGN0331,t1,i_ILROfferMax,0,_
TP10,WGN0331,t1,i_ILROfferPrice,0.1,_
TP10,WHI0111,t1,i_ILROfferMax,40,_
TP10,WHI0111,t1,i_ILROfferPrice,0,_
TP10,WHU0331,t1,i_ILROfferMax,0.3,_
TP10,WHU0331,t1,i_ILROfferPrice,0,_
TP10,WKO0331,t1,i_ILROfferMax,0.2,_
TP10,WKO0331,t1,i_ILROfferPrice,0,_
TP11,BOB1101,t1,i_ILROfferMax,3.789,_
TP11,BOB1101,t1,i_ILROfferPrice,0,_
TP11,CPK0331,t1,i_ILROfferMax,1.002,_
TP11,CPK0331,t1,i_ILROfferPrice,0.01,_
TP11,CPK0331,t2,i_ILROfferMax,0.6,_
TP11,CPK0331,t2,i_ILROfferPrice,5.15,_
TP11,CPK0331,t3,i_ILROfferMax,0.4,_
TP11,CPK0331,t3,i_ILROfferPrice,10.29,_
TP11,HAM0331,t1,i_ILROfferMax,4.046,_
TP11,HAM0331,t1,i_ILROfferPrice,0.01,_
TP11,HIN0331,t1,i_ILROfferMax,0.5,_
TP11,HIN0331,t1,i_ILROfferPrice,0,_
TP11,ISL0331,t1,i_ILROfferMax,0,_
TP11,ISL0331,t1,i_ILROfferPrice,0,_
TP11,KAW0111,t1,i_ILROfferMax,6,_
TP11,KAW0111,t1,i_ILROfferPrice,600,_
TP11,KAW0113,t1,i_ILROfferMax,31,_
TP11,KAW0113,t1,i_ILROfferPrice,0,_
TP11,KIN0331,t1,i_ILROfferMax,0.4,_
TP11,KIN0331,t1,i_ILROfferPrice,0,_
TP11,KPU0661,t1,i_ILROfferMax,0.2,_
TP11,KPU0661,t1,i_ILROfferPrice,0,_
TP11,MPE1101,t1,i_ILROfferMax,0,_
TP11,MPE1101,t1,i_ILROfferPrice,0,_
TP11,PEN0331,t1,i_ILROfferMax,6.8,_
TP11,PEN0331,t1,i_ILROfferPrice,0.01,_
TP11,PEN0331,t2,i_ILROfferMax,3.4,_
TP11,PEN0331,t2,i_ILROfferPrice,0.45,_
TP11,PEN0331,t3,i_ILROfferMax,3.4,_
TP11,PEN0331,t3,i_ILROfferPrice,2.95,_
TP11,PRM0331,t1,i_ILROfferMax,55,_
TP11,PRM0331,t1,i_ILROfferPrice,0,_
TP11,PRM0331,t2,i_ILROfferMax,69.713,_
TP11,PRM0331,t2,i_ILROfferPrice,0.02,_
TP11,WGN0331,t1,i_ILROfferMax,0,_
TP11,WGN0331,t1,i_ILROfferPrice,0.1,_
TP11,WHI0111,t1,i_ILROfferMax,40,_
TP11,WHI0111,t1,i_ILROfferPrice,0,_
TP11,WHU0331,t1,i_ILROfferMax,0.3,_
TP11,WHU0331,t1,i_ILROfferPrice,0,_
TP11,WKO0331,t1,i_ILROfferMax,0.2,_
TP11,WKO0331,t1,i_ILROfferPrice,0,_
TP12,BOB1101,t1,i_ILROfferMax,4.084,_
TP12,BOB1101,t1,i_ILROfferPrice,0,_
TP12,CPK0331,t1,i_ILROfferMax,1.615,_
TP12,CPK0331,t1,i_ILROfferPrice,0.01,_
TP12,CPK0331,t2,i_ILROfferMax,1,_
TP12,CPK0331,t2,i_ILROfferPrice,5.15,_
TP12,CPK0331,t3,i_ILROfferMax,0.6,_
TP12,CPK0331,t3,i_ILROfferPrice,10.29,_
TP12,HAM0331,t1,i_ILROfferMax,4.819,_
TP12,HAM0331,t1,i_ILROfferPrice,0.01,_
TP12,HIN0331,t1,i_ILROfferMax,0.5,_
TP12,HIN0331,t1,i_ILROfferPrice,0,_
TP12,ISL0331,t1,i_ILROfferMax,0,_
TP12,ISL0331,t1,i_ILROfferPrice,0,_
TP12,KAW0111,t1,i_ILROfferMax,6,_
TP12,KAW0111,t1,i_ILROfferPrice,600,_
TP12,KAW0113,t1,i_ILROfferMax,31,_
TP12,KAW0113,t1,i_ILROfferPrice,0,_
TP12,KIN0331,t1,i_ILROfferMax,0.4,_
TP12,KIN0331,t1,i_ILROfferPrice,0,_
TP12,KPU0661,t1,i_ILROfferMax,0.2,_
TP12,KPU0661,t1,i_ILROfferPrice,0,_
TP12,MPE1101,t1,i_ILROfferMax,0,_
TP12,MPE1101,t1,i_ILROfferPrice,0,_
TP12,PEN0331,t1,i_ILROfferMax,7.25,_
TP12,PEN0331,t1,i_ILROfferPrice,0.01,_
TP12,PEN0331,t2,i_ILROfferMax,3.6,_
TP12,PEN0331,t2,i_ILROfferPrice,0.45,_
TP12,PEN0331,t3,i_ILROfferMax,3.6,_
TP12,PEN0331,t3,i_ILROfferPrice,2.95,_
TP12,PRM0331,t1,i_ILROfferMax,55,_
TP12,PRM0331,t1,i_ILROfferPrice,0,_
TP12,PRM0331,t2,i_ILROfferMax,69.848,_
TP12,PRM0331,t2,i_ILROfferPrice,0.02,_
TP12,WGN0331,t1,i_ILROfferMax,0,_
TP12,WGN0331,t1,i_ILROfferPrice,0.1,_
TP12,WHI0111,t1,i_ILROfferMax,40,_
TP12,WHI0111,t1,i_ILROfferPrice,0,_
TP12,WHU0331,t1,i_ILROfferMax,0.3,_
TP12,WHU0331,t1,i_ILROfferPrice,0,_
TP12,WKO0331,t1,i_ILROfferMax,0.2,_
TP12,WKO0331,t1,i_ILROfferPrice,0,_
TP13,BOB1101,t1,i_ILROfferMax,4.379,_
TP13,BOB1101,t1,i_ILROfferPrice,0,_
TP13,CPK0331,t1,i_ILROfferMax,2.228,_
TP13,CPK0331,t1,i_ILROfferPrice,0.01,_
TP13,CPK0331,t2,i_ILROfferMax,1.3,_
TP13,CPK0331,t2,i_ILROfferPrice,5.15,_
TP13,CPK0331,t3,i_ILROfferMax,0.9,_
TP13,CPK0331,t3,i_ILROfferPrice,10.29,_
TP13,HAM0331,t1,i_ILROfferMax,5.228,_
TP13,HAM0331,t1,i_ILROfferPrice,0.01,_
TP13,HIN0331,t1,i_ILROfferMax,1,_
TP13,HIN0331,t1,i_ILROfferPrice,0,_
TP13,ISL0331,t1,i_ILROfferMax,0,_
TP13,ISL0331,t1,i_ILROfferPrice,0,_
TP13,KAW0111,t1,i_ILROfferMax,6,_
TP13,KAW0111,t1,i_ILROfferPrice,600,_
TP13,KAW0113,t1,i_ILROfferMax,31,_
TP13,KAW0113,t1,i_ILROfferPrice,0,_
TP13,KIN0331,t1,i_ILROfferMax,0.5,_
TP13,KIN0331,t1,i_ILROfferPrice,0,_
TP13,KPU0661,t1,i_ILROfferMax,0.6,_
TP13,KPU0661,t1,i_ILROfferPrice,0,_
TP13,MPE1101,t1,i_ILROfferMax,3,_
TP13,MPE1101,t1,i_ILROfferPrice,0,_
TP13,PEN0331,t1,i_ILROfferMax,10.5,_
TP13,PEN0331,t1,i_ILROfferPrice,0.01,_
TP13,PEN0331,t2,i_ILROfferMax,5.3,_
TP13,PEN0331,t2,i_ILROfferPrice,0.45,_
TP13,PEN0331,t3,i_ILROfferMax,5.3,_
TP13,PEN0331,t3,i_ILROfferPrice,2.95,_
TP13,PRM0331,t1,i_ILROfferMax,55,_
TP13,PRM0331,t1,i_ILROfferPrice,0,_
TP13,PRM0331,t2,i_ILROfferMax,74.367,_
TP13,PRM0331,t2,i_ILROfferPrice,0.02,_
TP13,WGN0331,t1,i_ILROfferMax,0,_
TP13,WGN0331,t1,i_ILROfferPrice,0.1,_
TP13,WHI0111,t1,i_ILROfferMax,40,_
TP13,WHI0111,t1,i_ILROfferPrice,0,_
TP13,WHU0331,t1,i_ILROfferMax,0.3,_
TP13,WHU0331,t1,i_ILROfferPrice,0,_
TP13,WKO0331,t1,i_ILROfferMax,0.2,_
TP13,WKO0331,t1,i_ILROfferPrice,0,_
TP14,BOB1101,t1,i_ILROfferMax,0,_
TP14,BOB1101,t1,i_ILROfferPrice,0,_
TP14,CPK0331,t1,i_ILROfferMax,4.337,_
TP14,CPK0331,t1,i_ILROfferPrice,0.01,_
TP14,CPK0331,t2,i_ILROfferMax,2.6,_
TP14,CPK0331,t2,i_ILROfferPrice,5.15,_
TP14,CPK0331,t3,i_ILROfferMax,1.7,_
TP14,CPK0331,t3,i_ILROfferPrice,10.29,_
TP14,HAM0331,t1,i_ILROfferMax,6.448,_
TP14,HAM0331,t1,i_ILROfferPrice,0.01,_
TP14,HIN0331,t1,i_ILROfferMax,1,_
TP14,HIN0331,t1,i_ILROfferPrice,0,_
TP14,ISL0331,t1,i_ILROfferMax,0,_
TP14,ISL0331,t1,i_ILROfferPrice,0,_
TP14,KAW0111,t1,i_ILROfferMax,0,_
TP14,KAW0111,t1,i_ILROfferPrice,600,_
TP14,KAW0113,t1,i_ILROfferMax,31,_
TP14,KAW0113,t1,i_ILROfferPrice,0,_
TP14,KIN0331,t1,i_ILROfferMax,1,_
TP14,KIN0331,t1,i_ILROfferPrice,0,_
TP14,KPU0661,t1,i_ILROfferMax,0.8,_
TP14,KPU0661,t1,i_ILROfferPrice,0,_
TP14,MPE1101,t1,i_ILROfferMax,3,_
TP14,MPE1101,t1,i_ILROfferPrice,0,_
TP14,PEN0331,t1,i_ILROfferMax,18.2,_
TP14,PEN0331,t1,i_ILROfferPrice,0.01,_
TP14,PEN0331,t2,i_ILROfferMax,9.1,_
TP14,PEN0331,t2,i_ILROfferPrice,0.45,_
TP14,PEN0331,t3,i_ILROfferMax,9.1,_
TP14,PEN0331,t3,i_ILROfferPrice,2.95,_
TP14,PRM0331,t1,i_ILROfferMax,55,_
TP14,PRM0331,t1,i_ILROfferPrice,0,_
TP14,PRM0331,t2,i_ILROfferMax,78.563,_
TP14,PRM0331,t2,i_ILROfferPrice,0.02,_
TP14,WGN0331,t1,i_ILROfferMax,0,_
TP14,WGN0331,t1,i_ILROfferPrice,0.1,_
TP14,WHI0111,t1,i_ILROfferMax,40,_
TP14,WHI0111,t1,i_ILROfferPrice,0,_
TP14,WHU0331,t1,i_ILROfferMax,0.4,_
TP14,WHU0331,t1,i_ILROfferPrice,0,_
TP14,WKO0331,t1,i_ILROfferMax,0.4,_
TP14,WKO0331,t1,i_ILROfferPrice,0,_
TP15,BOB1101,t1,i_ILROfferMax,0,_
TP15,BOB1101,t1,i_ILROfferPrice,0,_
TP15,CPK0331,t1,i_ILROfferMax,6.445,_
TP15,CPK0331,t1,i_ILROfferPrice,0.01,_
TP15,CPK0331,t2,i_ILROfferMax,3.9,_
TP15,CPK0331,t2,i_ILROfferPrice,5.15,_
TP15,CPK0331,t3,i_ILROfferMax,2.6,_
TP15,CPK0331,t3,i_ILROfferPrice,10.29,_
TP15,HAM0331,t1,i_ILROfferMax,4.694,_
TP15,HAM0331,t1,i_ILROfferPrice,0.01,_
TP15,HIN0331,t1,i_ILROfferMax,1.5,_
TP15,HIN0331,t1,i_ILROfferPrice,0,_
TP15,ISL0331,t1,i_ILROfferMax,0,_
TP15,ISL0331,t1,i_ILROfferPrice,0,_
TP15,KAW0111,t1,i_ILROfferMax,0,_
TP15,KAW0111,t1,i_ILROfferPrice,600,_
TP15,KAW0113,t1,i_ILROfferMax,31,_
TP15,KAW0113,t1,i_ILROfferPrice,0,_
TP15,KIN0331,t1,i_ILROfferMax,1,_
TP15,KIN0331,t1,i_ILROfferPrice,0,_
TP15,KPU0661,t1,i_ILROfferMax,0.8,_
TP15,KPU0661,t1,i_ILROfferPrice,0,_
TP15,MPE1101,t1,i_ILROfferMax,3,_
TP15,MPE1101,t1,i_ILROfferPrice,0,_
TP15,PEN0331,t1,i_ILROfferMax,25.6,_
TP15,PEN0331,t1,i_ILROfferPrice,0.01,_
TP15,PEN0331,t2,i_ILROfferMax,12.8,_
TP15,PEN0331,t2,i_ILROfferPrice,0.45,_
TP15,PEN0331,t3,i_ILROfferMax,12.8,_
TP15,PEN0331,t3,i_ILROfferPrice,2.95,_
TP15,PRM0331,t1,i_ILROfferMax,55,_
TP15,PRM0331,t1,i_ILROfferPrice,0,_
TP15,PRM0331,t2,i_ILROfferMax,80.284,_
TP15,PRM0331,t2,i_ILROfferPrice,0.02,_
TP15,WGN0331,t1,i_ILROfferMax,0,_
TP15,WGN0331,t1,i_ILROfferPrice,0.1,_
TP15,WHI0111,t1,i_ILROfferMax,40,_
TP15,WHI0111,t1,i_ILROfferPrice,0,_
TP15,WHU0331,t1,i_ILROfferMax,0.8,_
TP15,WHU0331,t1,i_ILROfferPrice,0,_
TP15,WKO0331,t1,i_ILROfferMax,0.5,_
TP15,WKO0331,t1,i_ILROfferPrice,0,_
TP16,BOB1101,t1,i_ILROfferMax,0,_
TP16,BOB1101,t1,i_ILROfferPrice,0,_
TP16,CPK0331,t1,i_ILROfferMax,8.464,_
TP16,CPK0331,t1,i_ILROfferPrice,0.01,_
TP16,CPK0331,t2,i_ILROfferMax,5.1,_
TP16,CPK0331,t2,i_ILROfferPrice,5.15,_
TP16,CPK0331,t3,i_ILROfferMax,3.4,_
TP16,CPK0331,t3,i_ILROfferPrice,10.29,_
TP16,HAM0331,t1,i_ILROfferMax,0,_
TP16,HAM0331,t1,i_ILROfferPrice,0.01,_
TP16,HIN0331,t1,i_ILROfferMax,2,_
TP16,HIN0331,t1,i_ILROfferPrice,0,_
TP16,ISL0331,t1,i_ILROfferMax,0,_
TP16,ISL0331,t1,i_ILROfferPrice,0,_
TP16,KAW0111,t1,i_ILROfferMax,0,_
TP16,KAW0111,t1,i_ILROfferPrice,600,_
TP16,KAW0113,t1,i_ILROfferMax,31,_
TP16,KAW0113,t1,i_ILROfferPrice,0,_
TP16,KIN0331,t1,i_ILROfferMax,1,_
TP16,KIN0331,t1,i_ILROfferPrice,0,_
TP16,KPU0661,t1,i_ILROfferMax,1.5,_
TP16,KPU0661,t1,i_ILROfferPrice,0,_
TP16,MPE1101,t1,i_ILROfferMax,3,_
TP16,MPE1101,t1,i_ILROfferPrice,0,_
TP16,PEN0331,t1,i_ILROfferMax,32.1,_
TP16,PEN0331,t1,i_ILROfferPrice,0.01,_
TP16,PEN0331,t2,i_ILROfferMax,16.1,_
TP16,PEN0331,t2,i_ILROfferPrice,0.45,_
TP16,PEN0331,t3,i_ILROfferMax,16.1,_
TP16,PEN0331,t3,i_ILROfferPrice,2.95,_
TP16,PRM0331,t1,i_ILROfferMax,45,_
TP16,PRM0331,t1,i_ILROfferPrice,0,_
TP16,PRM0331,t2,i_ILROfferMax,24.645,_
TP16,PRM0331,t2,i_ILROfferPrice,0.02,_
TP16,WGN0331,t1,i_ILROfferMax,0,_
TP16,WGN0331,t1,i_ILROfferPrice,0.1,_
TP16,WHI0111,t1,i_ILROfferMax,40,_
TP16,WHI0111,t1,i_ILROfferPrice,0,_
TP16,WHU0331,t1,i_ILROfferMax,1,_
TP16,WHU0331,t1,i_ILROfferPrice,0,_
TP16,WKO0331,t1,i_ILROfferMax,1.5,_
TP16,WKO0331,t1,i_ILROfferPrice,0,_
TP17,BOB1101,t1,i_ILROfferMax,0,_
TP17,BOB1101,t1,i_ILROfferPrice,0,_
TP17,CPK0331,t1,i_ILROfferMax,10.483,_
TP17,CPK0331,t1,i_ILROfferPrice,0.01,_
TP17,CPK0331,t2,i_ILROfferMax,6.3,_
TP17,CPK0331,t2,i_ILROfferPrice,5.15,_
TP17,CPK0331,t3,i_ILROfferMax,4.2,_
TP17,CPK0331,t3,i_ILROfferPrice,10.29,_
TP17,HAM0331,t1,i_ILROfferMax,0,_
TP17,HAM0331,t1,i_ILROfferPrice,0.01,_
TP17,HIN0331,t1,i_ILROfferMax,2.5,_
TP17,HIN0331,t1,i_ILROfferPrice,0,_
TP17,ISL0331,t1,i_ILROfferMax,0,_
TP17,ISL0331,t1,i_ILROfferPrice,0,_
TP17,KAW0111,t1,i_ILROfferMax,0,_
TP17,KAW0111,t1,i_ILROfferPrice,600,_
TP17,KAW0113,t1,i_ILROfferMax,0,_
TP17,KAW0113,t1,i_ILROfferPrice,0,_
TP17,KIN0331,t1,i_ILROfferMax,1,_
TP17,KIN0331,t1,i_ILROfferPrice,0,_
TP17,KPU0661,t1,i_ILROfferMax,1.5,_
TP17,KPU0661,t1,i_ILROfferPrice,0,_
TP17,MPE1101,t1,i_ILROfferMax,3,_
TP17,MPE1101,t1,i_ILROfferPrice,0,_
TP17,PEN0331,t1,i_ILROfferMax,31.6,_
TP17,PEN0331,t1,i_ILROfferPrice,0.01,_
TP17,PEN0331,t2,i_ILROfferMax,15.8,_
TP17,PEN0331,t2,i_ILROfferPrice,0.45,_
TP17,PEN0331,t3,i_ILROfferMax,15.8,_
TP17,PEN0331,t3,i_ILROfferPrice,2.95,_
TP17,PRM0331,t1,i_ILROfferMax,34.126,_
TP17,PRM0331,t1,i_ILROfferPrice,0,_
TP17,WGN0331,t1,i_ILROfferMax,0,_
TP17,WGN0331,t1,i_ILROfferPrice,0.1,_
TP17,WHI0111,t1,i_ILROfferMax,40,_
TP17,WHI0111,t1,i_ILROfferPrice,0,_
TP17,WHU0331,t1,i_ILROfferMax,1,_
TP17,WHU0331,t1,i_ILROfferPrice,0,_
TP17,WKO0331,t1,i_ILROfferMax,1.9,_
TP17,WKO0331,t1,i_ILROfferPrice,0,_
TP18,BOB1101,t1,i_ILROfferMax,0,_
TP18,BOB1101,t1,i_ILROfferPrice,0,_
TP18,CPK0331,t1,i_ILROfferMax,9.345,_
TP18,CPK0331,t1,i_ILROfferPrice,0.01,_
TP18,CPK0331,t2,i_ILROfferMax,5.6,_
TP18,CPK0331,t2,i_ILROfferPrice,5.15,_
TP18,CPK0331,t3,i_ILROfferMax,3.7,_
TP18,CPK0331,t3,i_ILROfferPrice,10.29,_
TP18,HAM0331,t1,i_ILROfferMax,0,_
TP18,HAM0331,t1,i_ILROfferPrice,0.01,_
TP18,HIN0331,t1,i_ILROfferMax,2.5,_
TP18,HIN0331,t1,i_ILROfferPrice,0,_
TP18,ISL0331,t1,i_ILROfferMax,0,_
TP18,ISL0331,t1,i_ILROfferPrice,0,_
TP18,KAW0111,t1,i_ILROfferMax,0,_
TP18,KAW0111,t1,i_ILROfferPrice,600,_
TP18,KAW0113,t1,i_ILROfferMax,0,_
TP18,KAW0113,t1,i_ILROfferPrice,0,_
TP18,KIN0331,t1,i_ILROfferMax,1,_
TP18,KIN0331,t1,i_ILROfferPrice,0,_
TP18,KPU0661,t1,i_ILROfferMax,1.5,_
TP18,KPU0661,t1,i_ILROfferPrice,0,_
TP18,MPE1101,t1,i_ILROfferMax,3,_
TP18,MPE1101,t1,i_ILROfferPrice,0,_
TP18,PEN0331,t1,i_ILROfferMax,27.9,_
TP18,PEN0331,t1,i_ILROfferPrice,0.01,_
TP18,PEN0331,t2,i_ILROfferMax,14,_
TP18,PEN0331,t2,i_ILROfferPrice,0.45,_
TP18,PEN0331,t3,i_ILROfferMax,14,_
TP18,PEN0331,t3,i_ILROfferPrice,2.95,_
TP18,PRM0331,t1,i_ILROfferMax,45,_
TP18,PRM0331,t1,i_ILROfferPrice,0,_
TP18,PRM0331,t2,i_ILROfferMax,24.239,_
TP18,PRM0331,t2,i_ILROfferPrice,0.02,_
TP18,WGN0331,t1,i_ILROfferMax,0,_
TP18,WGN0331,t1,i_ILROfferPrice,0.1,_
TP18,WHI0111,t1,i_ILROfferMax,20,_
TP18,WHI0111,t1,i_ILROfferPrice,0,_
TP18,WHU0331,t1,i_ILROfferMax,1,_
TP18,WHU0331,t1,i_ILROfferPrice,0,_
TP18,WKO0331,t1,i_ILROfferMax,1.9,_
TP18,WKO0331,t1,i_ILROfferPrice,0,_
TP19,BOB1101,t1,i_ILROfferMax,7.41,_
TP19,BOB1101,t1,i_ILROfferPrice,0,_
TP19,CPK0331,t1,i_ILROfferMax,8.65,_
TP19,CPK0331,t1,i_ILROfferPrice,0.01,_
TP19,CPK0331,t2,i_ILROfferMax,5.2,_
TP19,CPK0331,t2,i_ILROfferPrice,5.15,_
TP19,CPK0331,t3,i_ILROfferMax,3.5,_
TP19,CPK0331,t3,i_ILROfferPrice,10.29,_
TP19,HAM0331,t1,i_ILROfferMax,4.657,_
TP19,HAM0331,t1,i_ILROfferPrice,0.01,_
TP19,HIN0331,t1,i_ILROfferMax,2.5,_
TP19,HIN0331,t1,i_ILROfferPrice,0,_
TP19,ISL0331,t1,i_ILROfferMax,0,_
TP19,ISL0331,t1,i_ILROfferPrice,0,_
TP19,KAW0111,t1,i_ILROfferMax,6,_
TP19,KAW0111,t1,i_ILROfferPrice,600,_
TP19,KAW0113,t1,i_ILROfferMax,0,_
TP19,KAW0113,t1,i_ILROfferPrice,0,_
TP19,KIN0331,t1,i_ILROfferMax,1,_
TP19,KIN0331,t1,i_ILROfferPrice,0,_
TP19,KPU0661,t1,i_ILROfferMax,2,_
TP19,KPU0661,t1,i_ILROfferPrice,0,_
TP19,MPE1101,t1,i_ILROfferMax,3,_
TP19,MPE1101,t1,i_ILROfferPrice,0,_
TP19,PEN0331,t1,i_ILROfferMax,25.55,_
TP19,PEN0331,t1,i_ILROfferPrice,0.01,_
TP19,PEN0331,t2,i_ILROfferMax,12.8,_
TP19,PEN0331,t2,i_ILROfferPrice,0.45,_
TP19,PEN0331,t3,i_ILROfferMax,12.8,_
TP19,PEN0331,t3,i_ILROfferPrice,2.95,_
TP19,PRM0331,t1,i_ILROfferMax,45,_
TP19,PRM0331,t1,i_ILROfferPrice,0,_
TP19,PRM0331,t2,i_ILROfferMax,9.299,_
TP19,PRM0331,t2,i_ILROfferPrice,0.02,_
TP19,WGN0331,t1,i_ILROfferMax,0,_
TP19,WGN0331,t1,i_ILROfferPrice,0.1,_
TP19,WHI0111,t1,i_ILROfferMax,20,_
TP19,WHI0111,t1,i_ILROfferPrice,0,_
TP19,WHU0331,t1,i_ILROfferMax,1,_
TP19,WHU0331,t1,i_ILROfferPrice,0,_
TP19,WKO0331,t1,i_ILROfferMax,2,_
TP19,WKO0331,t1,i_ILROfferPrice,0,_
TP20,BOB1101,t1,i_ILROfferMax,6.86,_
TP20,BOB1101,t1,i_ILROfferPrice,0,_
TP20,CPK0331,t1,i_ILROfferMax,7.357,_
TP20,CPK0331,t1,i_ILROfferPrice,0.01,_
TP20,CPK0331,t2,i_ILROfferMax,4.4,_
TP20,CPK0331,t2,i_ILROfferPrice,5.15,_
TP20,CPK0331,t3,i_ILROfferMax,2.9,_
TP20,CPK0331,t3,i_ILROfferPrice,10.29,_
TP20,HAM0331,t1,i_ILROfferMax,7.956,_
TP20,HAM0331,t1,i_ILROfferPrice,0.01,_
TP20,HIN0331,t1,i_ILROfferMax,2,_
TP20,HIN0331,t1,i_ILROfferPrice,0,_
TP20,ISL0331,t1,i_ILROfferMax,0,_
TP20,ISL0331,t1,i_ILROfferPrice,0,_
TP20,KAW0111,t1,i_ILROfferMax,6,_
TP20,KAW0111,t1,i_ILROfferPrice,600,_
TP20,KAW0113,t1,i_ILROfferMax,30,_
TP20,KAW0113,t1,i_ILROfferPrice,0,_
TP20,KIN0331,t1,i_ILROfferMax,1.2,_
TP20,KIN0331,t1,i_ILROfferPrice,0,_
TP20,KPU0661,t1,i_ILROfferMax,2,_
TP20,KPU0661,t1,i_ILROfferPrice,0,_
TP20,MPE1101,t1,i_ILROfferMax,5,_
TP20,MPE1101,t1,i_ILROfferPrice,0,_
TP20,PEN0331,t1,i_ILROfferMax,23.4,_
TP20,PEN0331,t1,i_ILROfferPrice,0.01,_
TP20,PEN0331,t2,i_ILROfferMax,11.7,_
TP20,PEN0331,t2,i_ILROfferPrice,0.45,_
TP20,PEN0331,t3,i_ILROfferMax,11.7,_
TP20,PEN0331,t3,i_ILROfferPrice,2.95,_
TP20,PRM0331,t1,i_ILROfferMax,55,_
TP20,PRM0331,t1,i_ILROfferPrice,0,_
TP20,PRM0331,t2,i_ILROfferMax,19.21,_
TP20,PRM0331,t2,i_ILROfferPrice,0.02,_
TP20,WGN0331,t1,i_ILROfferMax,0,_
TP20,WGN0331,t1,i_ILROfferPrice,0.1,_
TP20,WHI0111,t1,i_ILROfferMax,20,_
TP20,WHI0111,t1,i_ILROfferPrice,0,_
TP20,WHU0331,t1,i_ILROfferMax,1,_
TP20,WHU0331,t1,i_ILROfferPrice,0,_
TP20,WKO0331,t1,i_ILROfferMax,1.2,_
TP20,WKO0331,t1,i_ILROfferPrice,0,_
TP21,BOB1101,t1,i_ILROfferMax,6.493,_
TP21,BOB1101,t1,i_ILROfferPrice,0,_
TP21,CPK0331,t1,i_ILROfferMax,7.242,_
TP21,CPK0331,t1,i_ILROfferPrice,0.01,_
TP21,CPK0331,t2,i_ILROfferMax,4.3,_
TP21,CPK0331,t2,i_ILROfferPrice,5.15,_
TP21,CPK0331,t3,i_ILROfferMax,2.9,_
TP21,CPK0331,t3,i_ILROfferPrice,10.29,_
TP21,HAM0331,t1,i_ILROfferMax,7.315,_
TP21,HAM0331,t1,i_ILROfferPrice,0.01,_
TP21,HIN0331,t1,i_ILROfferMax,1.8,_
TP21,HIN0331,t1,i_ILROfferPrice,0,_
TP21,ISL0331,t1,i_ILROfferMax,0,_
TP21,ISL0331,t1,i_ILROfferPrice,0,_
TP21,KAW0111,t1,i_ILROfferMax,6,_
TP21,KAW0111,t1,i_ILROfferPrice,600,_
TP21,KAW0113,t1,i_ILROfferMax,30,_
TP21,KAW0113,t1,i_ILROfferPrice,0,_
TP21,KIN0331,t1,i_ILROfferMax,1.2,_
TP21,KIN0331,t1,i_ILROfferPrice,0,_
TP21,KPU0661,t1,i_ILROfferMax,2.5,_
TP21,KPU0661,t1,i_ILROfferPrice,0,_
TP21,MPE1101,t1,i_ILROfferMax,5,_
TP21,MPE1101,t1,i_ILROfferPrice,0,_
TP21,PEN0331,t1,i_ILROfferMax,20.75,_
TP21,PEN0331,t1,i_ILROfferPrice,0.01,_
TP21,PEN0331,t2,i_ILROfferMax,10.4,_
TP21,PEN0331,t2,i_ILROfferPrice,0.45,_
TP21,PEN0331,t3,i_ILROfferMax,10.4,_
TP21,PEN0331,t3,i_ILROfferPrice,2.95,_
TP21,PRM0331,t1,i_ILROfferMax,55,_
TP21,PRM0331,t1,i_ILROfferPrice,0,_
TP21,PRM0331,t2,i_ILROfferMax,24.874,_
TP21,PRM0331,t2,i_ILROfferPrice,0.02,_
TP21,WGN0331,t1,i_ILROfferMax,0,_
TP21,WGN0331,t1,i_ILROfferPrice,0.1,_
TP21,WHI0111,t1,i_ILROfferMax,20,_
TP21,WHI0111,t1,i_ILROfferPrice,0,_
TP21,WHU0331,t1,i_ILROfferMax,1,_
TP21,WHU0331,t1,i_ILROfferPrice,0,_
TP21,WKO0331,t1,i_ILROfferMax,1,_
TP21,WKO0331,t1,i_ILROfferPrice,0,_
TP22,BOB1101,t1,i_ILROfferMax,5.882,_
TP22,BOB1101,t1,i_ILROfferPrice,0,_
TP22,CPK0331,t1,i_ILROfferMax,5.78,_
TP22,CPK0331,t1,i_ILROfferPrice,0.01,_
TP22,CPK0331,t2,i_ILROfferMax,3.5,_
TP22,CPK0331,t2,i_ILROfferPrice,5.15,_
TP22,CPK0331,t3,i_ILROfferMax,2.3,_
TP22,CPK0331,t3,i_ILROfferPrice,10.29,_
TP22,HAM0331,t1,i_ILROfferMax,7.007,_
TP22,HAM0331,t1,i_ILROfferPrice,0.01,_
TP22,HIN0331,t1,i_ILROfferMax,1.6,_
TP22,HIN0331,t1,i_ILROfferPrice,0,_
TP22,ISL0331,t1,i_ILROfferMax,0,_
TP22,ISL0331,t1,i_ILROfferPrice,0,_
TP22,KAW0111,t1,i_ILROfferMax,6,_
TP22,KAW0111,t1,i_ILROfferPrice,600,_
TP22,KAW0113,t1,i_ILROfferMax,30,_
TP22,KAW0113,t1,i_ILROfferPrice,0,_
TP22,KIN0331,t1,i_ILROfferMax,1.1,_
TP22,KIN0331,t1,i_ILROfferPrice,0,_
TP22,KPU0661,t1,i_ILROfferMax,2,_
TP22,KPU0661,t1,i_ILROfferPrice,0,_
TP22,MPE1101,t1,i_ILROfferMax,5,_
TP22,MPE1101,t1,i_ILROfferPrice,0,_
TP22,PEN0331,t1,i_ILROfferMax,17.95,_
TP22,PEN0331,t1,i_ILROfferPrice,0.01,_
TP22,PEN0331,t2,i_ILROfferMax,9,_
TP22,PEN0331,t2,i_ILROfferPrice,0.45,_
TP22,PEN0331,t3,i_ILROfferMax,9,_
TP22,PEN0331,t3,i_ILROfferPrice,2.95,_
TP22,PRM0331,t1,i_ILROfferMax,55,_
TP22,PRM0331,t1,i_ILROfferPrice,0,_
TP22,PRM0331,t2,i_ILROfferMax,22.865,_
TP22,PRM0331,t2,i_ILROfferPrice,0.02,_
TP22,WGN0331,t1,i_ILROfferMax,0,_
TP22,WGN0331,t1,i_ILROfferPrice,0.1,_
TP22,WHI0111,t1,i_ILROfferMax,20,_
TP22,WHI0111,t1,i_ILROfferPrice,0,_
TP22,WHU0331,t1,i_ILROfferMax,1,_
TP22,WHU0331,t1,i_ILROfferPrice,0,_
TP22,WKO0331,t1,i_ILROfferMax,1,_
TP22,WKO0331,t1,i_ILROfferPrice,0,_
TP23,BOB1101,t1,i_ILROfferMax,5.271,_
TP23,BOB1101,t1,i_ILROfferPrice,0,_
TP23,CPK0331,t1,i_ILROfferMax,5.398,_
TP23,CPK0331,t1,i_ILROfferPrice,0.01,_
TP23,CPK0331,t2,i_ILROfferMax,3.2,_
TP23,CPK0331,t2,i_ILROfferPrice,5.15,_
TP23,CPK0331,t3,i_ILROfferMax,2.2,_
TP23,CPK0331,t3,i_ILROfferPrice,10.29,_
TP23,HAM0331,t1,i_ILROfferMax,6.995,_
TP23,HAM0331,t1,i_ILROfferPrice,0.01,_
TP23,HIN0331,t1,i_ILROfferMax,1.5,_
TP23,HIN0331,t1,i_ILROfferPrice,0,_
TP23,ISL0331,t1,i_ILROfferMax,0,_
TP23,ISL0331,t1,i_ILROfferPrice,0,_
TP23,KAW0111,t1,i_ILROfferMax,6,_
TP23,KAW0111,t1,i_ILROfferPrice,600,_
TP23,KAW0113,t1,i_ILROfferMax,30,_
TP23,KAW0113,t1,i_ILROfferPrice,0,_
TP23,KIN0331,t1,i_ILROfferMax,1,_
TP23,KIN0331,t1,i_ILROfferPrice,0,_
TP23,KPU0661,t1,i_ILROfferMax,2,_
TP23,KPU0661,t1,i_ILROfferPrice,0,_
TP23,MPE1101,t1,i_ILROfferMax,5,_
TP23,MPE1101,t1,i_ILROfferPrice,0,_
TP23,PEN0331,t1,i_ILROfferMax,16.4,_
TP23,PEN0331,t1,i_ILROfferPrice,0.01,_
TP23,PEN0331,t2,i_ILROfferMax,8.2,_
TP23,PEN0331,t2,i_ILROfferPrice,0.45,_
TP23,PEN0331,t3,i_ILROfferMax,8.2,_
TP23,PEN0331,t3,i_ILROfferPrice,2.95,_
TP23,PRM0331,t1,i_ILROfferMax,55,_
TP23,PRM0331,t1,i_ILROfferPrice,0,_
TP23,PRM0331,t2,i_ILROfferMax,35.769,_
TP23,PRM0331,t2,i_ILROfferPrice,0.02,_
TP23,WGN0331,t1,i_ILROfferMax,0,_
TP23,WGN0331,t1,i_ILROfferPrice,0.1,_
TP23,WHI0111,t1,i_ILROfferMax,20,_
TP23,WHI0111,t1,i_ILROfferPrice,0,_
TP23,WHU0331,t1,i_ILROfferMax,1,_
TP23,WHU0331,t1,i_ILROfferPrice,0,_
TP23,WKO0331,t1,i_ILROfferMax,1,_
TP23,WKO0331,t1,i_ILROfferPrice,0,_
TP24,BOB1101,t1,i_ILROfferMax,4.659,_
TP24,BOB1101,t1,i_ILROfferPrice,0,_
TP24,CPK0331,t1,i_ILROfferMax,4.074,_
TP24,CPK0331,t1,i_ILROfferPrice,0.01,_
TP24,CPK0331,t2,i_ILROfferMax,2.4,_
TP24,CPK0331,t2,i_ILROfferPrice,5.15,_
TP24,CPK0331,t3,i_ILROfferMax,1.6,_
TP24,CPK0331,t3,i_ILROfferPrice,10.29,_
TP24,HAM0331,t1,i_ILROfferMax,6.858,_
TP24,HAM0331,t1,i_ILROfferPrice,0.01,_
TP24,HIN0331,t1,i_ILROfferMax,1.5,_
TP24,HIN0331,t1,i_ILROfferPrice,0,_
TP24,ISL0331,t1,i_ILROfferMax,0,_
TP24,ISL0331,t1,i_ILROfferPrice,0,_
TP24,KAW0111,t1,i_ILROfferMax,6,_
TP24,KAW0111,t1,i_ILROfferPrice,600,_
TP24,KAW0113,t1,i_ILROfferMax,30,_
TP24,KAW0113,t1,i_ILROfferPrice,0,_
TP24,KIN0331,t1,i_ILROfferMax,0.9,_
TP24,KIN0331,t1,i_ILROfferPrice,0,_
TP24,KPU0661,t1,i_ILROfferMax,1.4,_
TP24,KPU0661,t1,i_ILROfferPrice,0,_
TP24,MPE1101,t1,i_ILROfferMax,5,_
TP24,MPE1101,t1,i_ILROfferPrice,0,_
TP24,PEN0331,t1,i_ILROfferMax,15.55,_
TP24,PEN0331,t1,i_ILROfferPrice,0.01,_
TP24,PEN0331,t2,i_ILROfferMax,7.8,_
TP24,PEN0331,t2,i_ILROfferPrice,0.45,_
TP24,PEN0331,t3,i_ILROfferMax,7.8,_
TP24,PEN0331,t3,i_ILROfferPrice,2.95,_
TP24,PRM0331,t1,i_ILROfferMax,55,_
TP24,PRM0331,t1,i_ILROfferPrice,0,_
TP24,PRM0331,t2,i_ILROfferMax,35.64,_
TP24,PRM0331,t2,i_ILROfferPrice,0.02,_
TP24,WGN0331,t1,i_ILROfferMax,0,_
TP24,WGN0331,t1,i_ILROfferPrice,0.1,_
TP24,WHI0111,t1,i_ILROfferMax,20,_
TP24,WHI0111,t1,i_ILROfferPrice,0,_
TP24,WHU0331,t1,i_ILROfferMax,1,_
TP24,WHU0331,t1,i_ILROfferPrice,0,_
TP24,WKO0331,t1,i_ILROfferMax,1,_
TP24,WKO0331,t1,i_ILROfferPrice,0,_
TP25,BOB1101,t1,i_ILROfferMax,4.354,_
TP25,BOB1101,t1,i_ILROfferPrice,0,_
TP25,CPK0331,t1,i_ILROfferMax,4.359,_
TP25,CPK0331,t1,i_ILROfferPrice,0.01,_
TP25,CPK0331,t2,i_ILROfferMax,2.6,_
TP25,CPK0331,t2,i_ILROfferPrice,5.15,_
TP25,CPK0331,t3,i_ILROfferMax,1.7,_
TP25,CPK0331,t3,i_ILROfferPrice,10.29,_
TP25,HAM0331,t1,i_ILROfferMax,6.234,_
TP25,HAM0331,t1,i_ILROfferPrice,0.01,_
TP25,HIN0331,t1,i_ILROfferMax,1.5,_
TP25,HIN0331,t1,i_ILROfferPrice,0,_
TP25,ISL0331,t1,i_ILROfferMax,0,_
TP25,ISL0331,t1,i_ILROfferPrice,0,_
TP25,KAW0111,t1,i_ILROfferMax,6,_
TP25,KAW0111,t1,i_ILROfferPrice,600,_
TP25,KAW0113,t1,i_ILROfferMax,30,_
TP25,KAW0113,t1,i_ILROfferPrice,0,_
TP25,KIN0331,t1,i_ILROfferMax,0.9,_
TP25,KIN0331,t1,i_ILROfferPrice,0,_
TP25,KPU0661,t1,i_ILROfferMax,1.4,_
TP25,KPU0661,t1,i_ILROfferPrice,0,_
TP25,MPE1101,t1,i_ILROfferMax,5,_
TP25,MPE1101,t1,i_ILROfferPrice,0,_
TP25,PEN0331,t1,i_ILROfferMax,14.75,_
TP25,PEN0331,t1,i_ILROfferPrice,0.01,_
TP25,PEN0331,t2,i_ILROfferMax,7.4,_
TP25,PEN0331,t2,i_ILROfferPrice,0.45,_
TP25,PEN0331,t3,i_ILROfferMax,7.4,_
TP25,PEN0331,t3,i_ILROfferPrice,2.95,_
TP25,PRM0331,t1,i_ILROfferMax,55,_
TP25,PRM0331,t1,i_ILROfferPrice,0,_
TP25,PRM0331,t2,i_ILROfferMax,68.845,_
TP25,PRM0331,t2,i_ILROfferPrice,0.02,_
TP25,WGN0331,t1,i_ILROfferMax,0,_
TP25,WGN0331,t1,i_ILROfferPrice,0.1,_
TP25,WHI0111,t1,i_ILROfferMax,20,_
TP25,WHI0111,t1,i_ILROfferPrice,0,_
TP25,WHU0331,t1,i_ILROfferMax,1,_
TP25,WHU0331,t1,i_ILROfferPrice,0,_
TP25,WKO0331,t1,i_ILROfferMax,0.9,_
TP25,WKO0331,t1,i_ILROfferPrice,0,_
TP26,BOB1101,t1,i_ILROfferMax,4.209,_
TP26,BOB1101,t1,i_ILROfferPrice,0,_
TP26,CPK0331,t1,i_ILROfferMax,4.107,_
TP26,CPK0331,t1,i_ILROfferPrice,0.01,_
TP26,CPK0331,t2,i_ILROfferMax,2.5,_
TP26,CPK0331,t2,i_ILROfferPrice,5.15,_
TP26,CPK0331,t3,i_ILROfferMax,1.6,_
TP26,CPK0331,t3,i_ILROfferPrice,10.29,_
TP26,HAM0331,t1,i_ILROfferMax,5.745,_
TP26,HAM0331,t1,i_ILROfferPrice,0.01,_
TP26,HIN0331,t1,i_ILROfferMax,1.5,_
TP26,HIN0331,t1,i_ILROfferPrice,0,_
TP26,ISL0331,t1,i_ILROfferMax,0,_
TP26,ISL0331,t1,i_ILROfferPrice,0,_
TP26,KAW0111,t1,i_ILROfferMax,6,_
TP26,KAW0111,t1,i_ILROfferPrice,600,_
TP26,KAW0113,t1,i_ILROfferMax,30,_
TP26,KAW0113,t1,i_ILROfferPrice,0,_
TP26,KIN0331,t1,i_ILROfferMax,0.8,_
TP26,KIN0331,t1,i_ILROfferPrice,0,_
TP26,KPU0661,t1,i_ILROfferMax,1.4,_
TP26,KPU0661,t1,i_ILROfferPrice,0,_
TP26,MPE1101,t1,i_ILROfferMax,4,_
TP26,MPE1101,t1,i_ILROfferPrice,0,_
TP26,PEN0331,t1,i_ILROfferMax,13.85,_
TP26,PEN0331,t1,i_ILROfferPrice,0.01,_
TP26,PEN0331,t2,i_ILROfferMax,6.9,_
TP26,PEN0331,t2,i_ILROfferPrice,0.45,_
TP26,PEN0331,t3,i_ILROfferMax,6.9,_
TP26,PEN0331,t3,i_ILROfferPrice,2.95,_
TP26,PRM0331,t1,i_ILROfferMax,55,_
TP26,PRM0331,t1,i_ILROfferPrice,0,_
TP26,PRM0331,t2,i_ILROfferMax,67.098,_
TP26,PRM0331,t2,i_ILROfferPrice,0.02,_
TP26,WGN0331,t1,i_ILROfferMax,0,_
TP26,WGN0331,t1,i_ILROfferPrice,0.1,_
TP26,WHI0111,t1,i_ILROfferMax,20,_
TP26,WHI0111,t1,i_ILROfferPrice,0,_
TP26,WHU0331,t1,i_ILROfferMax,1,_
TP26,WHU0331,t1,i_ILROfferPrice,0,_
TP26,WKO0331,t1,i_ILROfferMax,0.9,_
TP26,WKO0331,t1,i_ILROfferPrice,0,_
TP27,BOB1101,t1,i_ILROfferMax,3.921,_
TP27,BOB1101,t1,i_ILROfferPrice,0,_
TP27,CPK0331,t1,i_ILROfferMax,3.856,_
TP27,CPK0331,t1,i_ILROfferPrice,0.01,_
TP27,CPK0331,t2,i_ILROfferMax,2.3,_
TP27,CPK0331,t2,i_ILROfferPrice,5.15,_
TP27,CPK0331,t3,i_ILROfferMax,1.5,_
TP27,CPK0331,t3,i_ILROfferPrice,10.29,_
TP27,HAM0331,t1,i_ILROfferMax,5.338,_
TP27,HAM0331,t1,i_ILROfferPrice,0.01,_
TP27,HIN0331,t1,i_ILROfferMax,2,_
TP27,HIN0331,t1,i_ILROfferPrice,0,_
TP27,ISL0331,t1,i_ILROfferMax,0,_
TP27,ISL0331,t1,i_ILROfferPrice,0,_
TP27,KAW0111,t1,i_ILROfferMax,6,_
TP27,KAW0111,t1,i_ILROfferPrice,600,_
TP27,KAW0113,t1,i_ILROfferMax,30,_
TP27,KAW0113,t1,i_ILROfferPrice,0,_
TP27,KIN0331,t1,i_ILROfferMax,1,_
TP27,KIN0331,t1,i_ILROfferPrice,0,_
TP27,KPU0661,t1,i_ILROfferMax,1.5,_
TP27,KPU0661,t1,i_ILROfferPrice,0,_
TP27,MPE1101,t1,i_ILROfferMax,4,_
TP27,MPE1101,t1,i_ILROfferPrice,0,_
TP27,PEN0331,t1,i_ILROfferMax,12.7,_
TP27,PEN0331,t1,i_ILROfferPrice,0.01,_
TP27,PEN0331,t2,i_ILROfferMax,6.4,_
TP27,PEN0331,t2,i_ILROfferPrice,0.45,_
TP27,PEN0331,t3,i_ILROfferMax,6.4,_
TP27,PEN0331,t3,i_ILROfferPrice,2.95,_
TP27,PRM0331,t1,i_ILROfferMax,55,_
TP27,PRM0331,t1,i_ILROfferPrice,0,_
TP27,PRM0331,t2,i_ILROfferMax,73.501,_
TP27,PRM0331,t2,i_ILROfferPrice,0.02,_
TP27,WGN0331,t1,i_ILROfferMax,0,_
TP27,WGN0331,t1,i_ILROfferPrice,0.1,_
TP27,WHI0111,t1,i_ILROfferMax,20,_
TP27,WHI0111,t1,i_ILROfferPrice,0,_
TP27,WHU0331,t1,i_ILROfferMax,1,_
TP27,WHU0331,t1,i_ILROfferPrice,0,_
TP27,WKO0331,t1,i_ILROfferMax,2,_
TP27,WKO0331,t1,i_ILROfferPrice,0,_
TP28,BOB1101,t1,i_ILROfferMax,3.632,_
TP28,BOB1101,t1,i_ILROfferPrice,0,_
TP28,CPK0331,t1,i_ILROfferMax,3.657,_
TP28,CPK0331,t1,i_ILROfferPrice,0.01,_
TP28,CPK0331,t2,i_ILROfferMax,2.2,_
TP28,CPK0331,t2,i_ILROfferPrice,5.15,_
TP28,CPK0331,t3,i_ILROfferMax,1.5,_
TP28,CPK0331,t3,i_ILROfferPrice,10.29,_
TP28,HAM0331,t1,i_ILROfferMax,4.942,_
TP28,HAM0331,t1,i_ILROfferPrice,0.01,_
TP28,HIN0331,t1,i_ILROfferMax,2,_
TP28,HIN0331,t1,i_ILROfferPrice,0,_
TP28,ISL0331,t1,i_ILROfferMax,0,_
TP28,ISL0331,t1,i_ILROfferPrice,0,_
TP28,KAW0111,t1,i_ILROfferMax,6,_
TP28,KAW0111,t1,i_ILROfferPrice,600,_
TP28,KAW0113,t1,i_ILROfferMax,30,_
TP28,KAW0113,t1,i_ILROfferPrice,0,_
TP28,KIN0331,t1,i_ILROfferMax,0.8,_
TP28,KIN0331,t1,i_ILROfferPrice,0,_
TP28,KPU0661,t1,i_ILROfferMax,1.5,_
TP28,KPU0661,t1,i_ILROfferPrice,0,_
TP28,MPE1101,t1,i_ILROfferMax,4,_
TP28,MPE1101,t1,i_ILROfferPrice,0,_
TP28,PEN0331,t1,i_ILROfferMax,11.6,_
TP28,PEN0331,t1,i_ILROfferPrice,0.01,_
TP28,PEN0331,t2,i_ILROfferMax,5.8,_
TP28,PEN0331,t2,i_ILROfferPrice,0.45,_
TP28,PEN0331,t3,i_ILROfferMax,5.8,_
TP28,PEN0331,t3,i_ILROfferPrice,2.95,_
TP28,PRM0331,t1,i_ILROfferMax,55,_
TP28,PRM0331,t1,i_ILROfferPrice,0,_
TP28,PRM0331,t2,i_ILROfferMax,82.546,_
TP28,PRM0331,t2,i_ILROfferPrice,0.02,_
TP28,WGN0331,t1,i_ILROfferMax,0,_
TP28,WGN0331,t1,i_ILROfferPrice,0.1,_
TP28,WHI0111,t1,i_ILROfferMax,40,_
TP28,WHI0111,t1,i_ILROfferPrice,0,_
TP28,WHU0331,t1,i_ILROfferMax,0.8,_
TP28,WHU0331,t1,i_ILROfferPrice,0,_
TP28,WKO0331,t1,i_ILROfferMax,1.5,_
TP28,WKO0331,t1,i_ILROfferPrice,0,_
TP29,BOB1101,t1,i_ILROfferMax,3.343,_
TP29,BOB1101,t1,i_ILROfferPrice,0,_
TP29,CPK0331,t1,i_ILROfferMax,3.458,_
TP29,CPK0331,t1,i_ILROfferPrice,0.01,_
TP29,CPK0331,t2,i_ILROfferMax,2.1,_
TP29,CPK0331,t2,i_ILROfferPrice,5.15,_
TP29,CPK0331,t3,i_ILROfferMax,1.4,_
TP29,CPK0331,t3,i_ILROfferPrice,10.29,_
TP29,HAM0331,t1,i_ILROfferMax,4.907,_
TP29,HAM0331,t1,i_ILROfferPrice,0.01,_
TP29,HIN0331,t1,i_ILROfferMax,2,_
TP29,HIN0331,t1,i_ILROfferPrice,0,_
TP29,ISL0331,t1,i_ILROfferMax,0,_
TP29,ISL0331,t1,i_ILROfferPrice,0,_
TP29,KAW0111,t1,i_ILROfferMax,0,_
TP29,KAW0111,t1,i_ILROfferPrice,600,_
TP29,KAW0113,t1,i_ILROfferMax,0,_
TP29,KAW0113,t1,i_ILROfferPrice,0,_
TP29,KIN0331,t1,i_ILROfferMax,0.8,_
TP29,KIN0331,t1,i_ILROfferPrice,0,_
TP29,KPU0661,t1,i_ILROfferMax,1.5,_
TP29,KPU0661,t1,i_ILROfferPrice,0,_
TP29,MPE1101,t1,i_ILROfferMax,4,_
TP29,MPE1101,t1,i_ILROfferPrice,0,_
TP29,PEN0331,t1,i_ILROfferMax,11.45,_
TP29,PEN0331,t1,i_ILROfferPrice,0.01,_
TP29,PEN0331,t2,i_ILROfferMax,5.7,_
TP29,PEN0331,t2,i_ILROfferPrice,0.45,_
TP29,PEN0331,t3,i_ILROfferMax,5.7,_
TP29,PEN0331,t3,i_ILROfferPrice,2.95,_
TP29,PRM0331,t1,i_ILROfferMax,55,_
TP29,PRM0331,t1,i_ILROfferPrice,0,_
TP29,PRM0331,t2,i_ILROfferMax,74.59,_
TP29,PRM0331,t2,i_ILROfferPrice,0.02,_
TP29,WGN0331,t1,i_ILROfferMax,0,_
TP29,WGN0331,t1,i_ILROfferPrice,0.1,_
TP29,WHI0111,t1,i_ILROfferMax,40,_
TP29,WHI0111,t1,i_ILROfferPrice,0,_
TP29,WHU0331,t1,i_ILROfferMax,0.8,_
TP29,WHU0331,t1,i_ILROfferPrice,0,_
TP29,WKO0331,t1,i_ILROfferMax,1.3,_
TP29,WKO0331,t1,i_ILROfferPrice,0,_
TP30,BOB1101,t1,i_ILROfferMax,3.054,_
TP30,BOB1101,t1,i_ILROfferPrice,0,_
TP30,CPK0331,t1,i_ILROfferMax,3.127,_
TP30,CPK0331,t1,i_ILROfferPrice,0.01,_
TP30,CPK0331,t2,i_ILROfferMax,1.9,_
TP30,CPK0331,t2,i_ILROfferPrice,5.15,_
TP30,CPK0331,t3,i_ILROfferMax,1.3,_
TP30,CPK0331,t3,i_ILROfferPrice,10.29,_
TP30,HAM0331,t1,i_ILROfferMax,4.679,_
TP30,HAM0331,t1,i_ILROfferPrice,0.01,_
TP30,HIN0331,t1,i_ILROfferMax,1.5,_
TP30,HIN0331,t1,i_ILROfferPrice,0,_
TP30,ISL0331,t1,i_ILROfferMax,0,_
TP30,ISL0331,t1,i_ILROfferPrice,0,_
TP30,KAW0111,t1,i_ILROfferMax,0,_
TP30,KAW0111,t1,i_ILROfferPrice,600,_
TP30,KAW0113,t1,i_ILROfferMax,0,_
TP30,KAW0113,t1,i_ILROfferPrice,0,_
TP30,KIN0331,t1,i_ILROfferMax,0.8,_
TP30,KIN0331,t1,i_ILROfferPrice,0,_
TP30,KPU0661,t1,i_ILROfferMax,1.5,_
TP30,KPU0661,t1,i_ILROfferPrice,0,_
TP30,MPE1101,t1,i_ILROfferMax,4,_
TP30,MPE1101,t1,i_ILROfferPrice,0,_
TP30,PEN0331,t1,i_ILROfferMax,11.3,_
TP30,PEN0331,t1,i_ILROfferPrice,0.01,_
TP30,PEN0331,t2,i_ILROfferMax,5.7,_
TP30,PEN0331,t2,i_ILROfferPrice,0.45,_
TP30,PEN0331,t3,i_ILROfferMax,5.7,_
TP30,PEN0331,t3,i_ILROfferPrice,2.95,_
TP30,PRM0331,t1,i_ILROfferMax,55,_
TP30,PRM0331,t1,i_ILROfferPrice,0,_
TP30,PRM0331,t2,i_ILROfferMax,74.804,_
TP30,PRM0331,t2,i_ILROfferPrice,0.02,_
TP30,WGN0331,t1,i_ILROfferMax,0,_
TP30,WGN0331,t1,i_ILROfferPrice,0.1,_
TP30,WHI0111,t1,i_ILROfferMax,40,_
TP30,WHI0111,t1,i_ILROfferPrice,0,_
TP30,WHU0331,t1,i_ILROfferMax,0.8,_
TP30,WHU0331,t1,i_ILROfferPrice,0,_
TP30,WKO0331,t1,i_ILROfferMax,1.1,_
TP30,WKO0331,t1,i_ILROfferPrice,0,_
TP31,BOB1101,t1,i_ILROfferMax,2.91,_
TP31,BOB1101,t1,i_ILROfferPrice,0,_
TP31,CPK0331,t1,i_ILROfferMax,2.797,_
TP31,CPK0331,t1,i_ILROfferPrice,0.01,_
TP31,CPK0331,t2,i_ILROfferMax,1.7,_
TP31,CPK0331,t2,i_ILROfferPrice,5.15,_
TP31,CPK0331,t3,i_ILROfferMax,1.1,_
TP31,CPK0331,t3,i_ILROfferPrice,10.29,_
TP31,HAM0331,t1,i_ILROfferMax,4.613,_
TP31,HAM0331,t1,i_ILROfferPrice,0.01,_
TP31,HIN0331,t1,i_ILROfferMax,1.5,_
TP31,HIN0331,t1,i_ILROfferPrice,0,_
TP31,ISL0331,t1,i_ILROfferMax,0,_
TP31,ISL0331,t1,i_ILROfferPrice,0,_
TP31,KAW0111,t1,i_ILROfferMax,0,_
TP31,KAW0111,t1,i_ILROfferPrice,600,_
TP31,KAW0113,t1,i_ILROfferMax,0,_
TP31,KAW0113,t1,i_ILROfferPrice,0,_
TP31,KIN0331,t1,i_ILROfferMax,0.8,_
TP31,KIN0331,t1,i_ILROfferPrice,0,_
TP31,KPU0661,t1,i_ILROfferMax,1,_
TP31,KPU0661,t1,i_ILROfferPrice,0,_
TP31,MPE1101,t1,i_ILROfferMax,4,_
TP31,MPE1101,t1,i_ILROfferPrice,0,_
TP31,PEN0331,t1,i_ILROfferMax,12,_
TP31,PEN0331,t1,i_ILROfferPrice,0.01,_
TP31,PEN0331,t2,i_ILROfferMax,6,_
TP31,PEN0331,t2,i_ILROfferPrice,0.45,_
TP31,PEN0331,t3,i_ILROfferMax,6,_
TP31,PEN0331,t3,i_ILROfferPrice,2.95,_
TP31,PRM0331,t1,i_ILROfferMax,55,_
TP31,PRM0331,t1,i_ILROfferPrice,0,_
TP31,PRM0331,t2,i_ILROfferMax,76.404,_
TP31,PRM0331,t2,i_ILROfferPrice,0.02,_
TP31,WGN0331,t1,i_ILROfferMax,0,_
TP31,WGN0331,t1,i_ILROfferPrice,0.1,_
TP31,WHI0111,t1,i_ILROfferMax,40,_
TP31,WHI0111,t1,i_ILROfferPrice,0,_
TP31,WHU0331,t1,i_ILROfferMax,0.8,_
TP31,WHU0331,t1,i_ILROfferPrice,0,_
TP31,WKO0331,t1,i_ILROfferMax,0.9,_
TP31,WKO0331,t1,i_ILROfferPrice,0,_
TP32,BOB1101,t1,i_ILROfferMax,3.096,_
TP32,BOB1101,t1,i_ILROfferPrice,0,_
TP32,CPK0331,t1,i_ILROfferMax,3.069,_
TP32,CPK0331,t1,i_ILROfferPrice,0.01,_
TP32,CPK0331,t2,i_ILROfferMax,1.8,_
TP32,CPK0331,t2,i_ILROfferPrice,5.15,_
TP32,CPK0331,t3,i_ILROfferMax,1.2,_
TP32,CPK0331,t3,i_ILROfferPrice,10.29,_
TP32,HAM0331,t1,i_ILROfferMax,4.938,_
TP32,HAM0331,t1,i_ILROfferPrice,0.01,_
TP32,HIN0331,t1,i_ILROfferMax,1.5,_
TP32,HIN0331,t1,i_ILROfferPrice,0,_
TP32,ISL0331,t1,i_ILROfferMax,0,_
TP32,ISL0331,t1,i_ILROfferPrice,0,_
TP32,KAW0111,t1,i_ILROfferMax,0,_
TP32,KAW0111,t1,i_ILROfferPrice,600,_
TP32,KAW0113,t1,i_ILROfferMax,0,_
TP32,KAW0113,t1,i_ILROfferPrice,0,_
TP32,KIN0331,t1,i_ILROfferMax,0.8,_
TP32,KIN0331,t1,i_ILROfferPrice,0,_
TP32,KPU0661,t1,i_ILROfferMax,1,_
TP32,KPU0661,t1,i_ILROfferPrice,0,_
TP32,MPE1101,t1,i_ILROfferMax,4,_
TP32,MPE1101,t1,i_ILROfferPrice,0,_
TP32,PEN0331,t1,i_ILROfferMax,12.7,_
TP32,PEN0331,t1,i_ILROfferPrice,0.01,_
TP32,PEN0331,t2,i_ILROfferMax,6.4,_
TP32,PEN0331,t2,i_ILROfferPrice,0.45,_
TP32,PEN0331,t3,i_ILROfferMax,6.4,_
TP32,PEN0331,t3,i_ILROfferPrice,2.95,_
TP32,PRM0331,t1,i_ILROfferMax,55,_
TP32,PRM0331,t1,i_ILROfferPrice,0,_
TP32,PRM0331,t2,i_ILROfferMax,77.678,_
TP32,PRM0331,t2,i_ILROfferPrice,0.02,_
TP32,WGN0331,t1,i_ILROfferMax,0,_
TP32,WGN0331,t1,i_ILROfferPrice,0.1,_
TP32,WHI0111,t1,i_ILROfferMax,40,_
TP32,WHI0111,t1,i_ILROfferPrice,0,_
TP32,WHU0331,t1,i_ILROfferMax,0.8,_
TP32,WHU0331,t1,i_ILROfferPrice,0,_
TP32,WKO0331,t1,i_ILROfferMax,0.9,_
TP32,WKO0331,t1,i_ILROfferPrice,0,_
TP33,BOB1101,t1,i_ILROfferMax,3.468,_
TP33,BOB1101,t1,i_ILROfferPrice,0,_
TP33,CPK0331,t1,i_ILROfferMax,3.342,_
TP33,CPK0331,t1,i_ILROfferPrice,0.01,_
TP33,CPK0331,t2,i_ILROfferMax,2,_
TP33,CPK0331,t2,i_ILROfferPrice,5.15,_
TP33,CPK0331,t3,i_ILROfferMax,1.3,_
TP33,CPK0331,t3,i_ILROfferPrice,10.29,_
TP33,HAM0331,t1,i_ILROfferMax,5.794,_
TP33,HAM0331,t1,i_ILROfferPrice,0.01,_
TP33,HIN0331,t1,i_ILROfferMax,1.5,_
TP33,HIN0331,t1,i_ILROfferPrice,0,_
TP33,ISL0331,t1,i_ILROfferMax,0,_
TP33,ISL0331,t1,i_ILROfferPrice,0,_
TP33,KAW0111,t1,i_ILROfferMax,0,_
TP33,KAW0111,t1,i_ILROfferPrice,600,_
TP33,KAW0113,t1,i_ILROfferMax,0,_
TP33,KAW0113,t1,i_ILROfferPrice,0,_
TP33,KIN0331,t1,i_ILROfferMax,0.8,_
TP33,KIN0331,t1,i_ILROfferPrice,0,_
TP33,KPU0661,t1,i_ILROfferMax,1,_
TP33,KPU0661,t1,i_ILROfferPrice,0,_
TP33,MPE1101,t1,i_ILROfferMax,4,_
TP33,MPE1101,t1,i_ILROfferPrice,0,_
TP33,PEN0331,t1,i_ILROfferMax,13.25,_
TP33,PEN0331,t1,i_ILROfferPrice,0.01,_
TP33,PEN0331,t2,i_ILROfferMax,6.6,_
TP33,PEN0331,t2,i_ILROfferPrice,0.45,_
TP33,PEN0331,t3,i_ILROfferMax,6.6,_
TP33,PEN0331,t3,i_ILROfferPrice,2.95,_
TP33,PRM0331,t1,i_ILROfferMax,55,_
TP33,PRM0331,t1,i_ILROfferPrice,0,_
TP33,PRM0331,t2,i_ILROfferMax,79.315,_
TP33,PRM0331,t2,i_ILROfferPrice,0.02,_
TP33,WGN0331,t1,i_ILROfferMax,0,_
TP33,WGN0331,t1,i_ILROfferPrice,0.1,_
TP33,WHI0111,t1,i_ILROfferMax,40,_
TP33,WHI0111,t1,i_ILROfferPrice,0,_
TP33,WHU0331,t1,i_ILROfferMax,0.8,_
TP33,WHU0331,t1,i_ILROfferPrice,0,_
TP33,WKO0331,t1,i_ILROfferMax,1,_
TP33,WKO0331,t1,i_ILROfferPrice,0,_
TP34,BOB1101,t1,i_ILROfferMax,0,_
TP34,BOB1101,t1,i_ILROfferPrice,0,_
TP34,CPK0331,t1,i_ILROfferMax,3.579,_
TP34,CPK0331,t1,i_ILROfferPrice,0.01,_
TP34,CPK0331,t2,i_ILROfferMax,2.1,_
TP34,CPK0331,t2,i_ILROfferPrice,5.15,_
TP34,CPK0331,t3,i_ILROfferMax,1.4,_
TP34,CPK0331,t3,i_ILROfferPrice,10.29,_
TP34,HAM0331,t1,i_ILROfferMax,7.089,_
TP34,HAM0331,t1,i_ILROfferPrice,0.01,_
TP34,HIN0331,t1,i_ILROfferMax,1.5,_
TP34,HIN0331,t1,i_ILROfferPrice,0,_
TP34,ISL0331,t1,i_ILROfferMax,0,_
TP34,ISL0331,t1,i_ILROfferPrice,0,_
TP34,KAW0111,t1,i_ILROfferMax,0,_
TP34,KAW0111,t1,i_ILROfferPrice,600,_
TP34,KAW0113,t1,i_ILROfferMax,0,_
TP34,KAW0113,t1,i_ILROfferPrice,0,_
TP34,KIN0331,t1,i_ILROfferMax,0.9,_
TP34,KIN0331,t1,i_ILROfferPrice,0,_
TP34,KPU0661,t1,i_ILROfferMax,1,_
TP34,KPU0661,t1,i_ILROfferPrice,0,_
TP34,MPE1101,t1,i_ILROfferMax,5.5,_
TP34,MPE1101,t1,i_ILROfferPrice,0,_
TP34,PEN0331,t1,i_ILROfferMax,14.05,_
TP34,PEN0331,t1,i_ILROfferPrice,0.01,_
TP34,PEN0331,t2,i_ILROfferMax,7,_
TP34,PEN0331,t2,i_ILROfferPrice,0.45,_
TP34,PEN0331,t3,i_ILROfferMax,7,_
TP34,PEN0331,t3,i_ILROfferPrice,2.95,_
TP34,PRM0331,t1,i_ILROfferMax,55,_
TP34,PRM0331,t1,i_ILROfferPrice,0,_
TP34,PRM0331,t2,i_ILROfferMax,63.473,_
TP34,PRM0331,t2,i_ILROfferPrice,0.02,_
TP34,WGN0331,t1,i_ILROfferMax,0,_
TP34,WGN0331,t1,i_ILROfferPrice,0.1,_
TP34,WHI0111,t1,i_ILROfferMax,40,_
TP34,WHI0111,t1,i_ILROfferPrice,0,_
TP34,WHU0331,t1,i_ILROfferMax,1,_
TP34,WHU0331,t1,i_ILROfferPrice,0,_
TP34,WKO0331,t1,i_ILROfferMax,1,_
TP34,WKO0331,t1,i_ILROfferPrice,0,_
TP35,BOB1101,t1,i_ILROfferMax,0,_
TP35,BOB1101,t1,i_ILROfferPrice,0,_
TP35,CPK0331,t1,i_ILROfferMax,3.816,_
TP35,CPK0331,t1,i_ILROfferPrice,0.01,_
TP35,CPK0331,t2,i_ILROfferMax,2.3,_
TP35,CPK0331,t2,i_ILROfferPrice,5.15,_
TP35,CPK0331,t3,i_ILROfferMax,1.5,_
TP35,CPK0331,t3,i_ILROfferPrice,10.29,_
TP35,HAM0331,t1,i_ILROfferMax,0,_
TP35,HAM0331,t1,i_ILROfferPrice,0.01,_
TP35,HIN0331,t1,i_ILROfferMax,1.5,_
TP35,HIN0331,t1,i_ILROfferPrice,0,_
TP35,ISL0331,t1,i_ILROfferMax,0,_
TP35,ISL0331,t1,i_ILROfferPrice,0,_
TP35,KAW0111,t1,i_ILROfferMax,0,_
TP35,KAW0111,t1,i_ILROfferPrice,600,_
TP35,KAW0113,t1,i_ILROfferMax,0,_
TP35,KAW0113,t1,i_ILROfferPrice,0,_
TP35,KIN0331,t1,i_ILROfferMax,1,_
TP35,KIN0331,t1,i_ILROfferPrice,0,_
TP35,KPU0661,t1,i_ILROfferMax,1,_
TP35,KPU0661,t1,i_ILROfferPrice,0,_
TP35,MPE1101,t1,i_ILROfferMax,2.5,_
TP35,MPE1101,t1,i_ILROfferPrice,0,_
TP35,PEN0331,t1,i_ILROfferMax,0,_
TP35,PEN0331,t1,i_ILROfferPrice,0.01,_
TP35,PRM0331,t1,i_ILROfferMax,45,_
TP35,PRM0331,t1,i_ILROfferPrice,0,_
TP35,PRM0331,t2,i_ILROfferMax,72.873,_
TP35,PRM0331,t2,i_ILROfferPrice,0.02,_
TP35,WGN0331,t1,i_ILROfferMax,0,_
TP35,WGN0331,t1,i_ILROfferPrice,0.1,_
TP35,WHI0111,t1,i_ILROfferMax,40,_
TP35,WHI0111,t1,i_ILROfferPrice,0,_
TP35,WHU0331,t1,i_ILROfferMax,1,_
TP35,WHU0331,t1,i_ILROfferPrice,0,_
TP35,WKO0331,t1,i_ILROfferMax,1,_
TP35,WKO0331,t1,i_ILROfferPrice,0,_
TP36,BOB1101,t1,i_ILROfferMax,0,_
TP36,BOB1101,t1,i_ILROfferPrice,0,_
TP36,CPK0331,t1,i_ILROfferMax,4.49,_
TP36,CPK0331,t1,i_ILROfferPrice,0.01,_
TP36,CPK0331,t2,i_ILROfferMax,2.7,_
TP36,CPK0331,t2,i_ILROfferPrice,5.15,_
TP36,CPK0331,t3,i_ILROfferMax,1.8,_
TP36,CPK0331,t3,i_ILROfferPrice,10.29,_
TP36,HAM0331,t1,i_ILROfferMax,0,_
TP36,HAM0331,t1,i_ILROfferPrice,0.01,_
TP36,HIN0331,t1,i_ILROfferMax,2,_
TP36,HIN0331,t1,i_ILROfferPrice,0,_
TP36,ISL0331,t1,i_ILROfferMax,0,_
TP36,ISL0331,t1,i_ILROfferPrice,0,_
TP36,KAW0111,t1,i_ILROfferMax,0,_
TP36,KAW0111,t1,i_ILROfferPrice,600,_
TP36,KAW0113,t1,i_ILROfferMax,0,_
TP36,KAW0113,t1,i_ILROfferPrice,0,_
TP36,KIN0331,t1,i_ILROfferMax,1.2,_
TP36,KIN0331,t1,i_ILROfferPrice,0,_
TP36,KPU0661,t1,i_ILROfferMax,1.5,_
TP36,KPU0661,t1,i_ILROfferPrice,0,_
TP36,MPE1101,t1,i_ILROfferMax,0,_
TP36,MPE1101,t1,i_ILROfferPrice,0,_
TP36,PEN0331,t1,i_ILROfferMax,0,_
TP36,PEN0331,t1,i_ILROfferPrice,0.01,_
TP36,PRM0331,t1,i_ILROfferMax,45,_
TP36,PRM0331,t1,i_ILROfferPrice,0,_
TP36,PRM0331,t2,i_ILROfferMax,55.262,_
TP36,PRM0331,t2,i_ILROfferPrice,0.02,_
TP36,WGN0331,t1,i_ILROfferMax,0,_
TP36,WGN0331,t1,i_ILROfferPrice,0.1,_
TP36,WHI0111,t1,i_ILROfferMax,40,_
TP36,WHI0111,t1,i_ILROfferPrice,0,_
TP36,WHU0331,t1,i_ILROfferMax,1,_
TP36,WHU0331,t1,i_ILROfferPrice,0,_
TP36,WKO0331,t1,i_ILROfferMax,1,_
TP36,WKO0331,t1,i_ILROfferPrice,0,_
TP37,BOB1101,t1,i_ILROfferMax,0,_
TP37,BOB1101,t1,i_ILROfferPrice,0,_
TP37,CPK0331,t1,i_ILROfferMax,5.165,_
TP37,CPK0331,t1,i_ILROfferPrice,0.01,_
TP37,CPK0331,t2,i_ILROfferMax,3.1,_
TP37,CPK0331,t2,i_ILROfferPrice,5.15,_
TP37,CPK0331,t3,i_ILROfferMax,2.1,_
TP37,CPK0331,t3,i_ILROfferPrice,10.29,_
TP37,HAM0331,t1,i_ILROfferMax,0,_
TP37,HAM0331,t1,i_ILROfferPrice,0.01,_
TP37,HIN0331,t1,i_ILROfferMax,2,_
TP37,HIN0331,t1,i_ILROfferPrice,0,_
TP37,ISL0331,t1,i_ILROfferMax,0,_
TP37,ISL0331,t1,i_ILROfferPrice,0,_
TP37,KAW0111,t1,i_ILROfferMax,0,_
TP37,KAW0111,t1,i_ILROfferPrice,600,_
TP37,KAW0113,t1,i_ILROfferMax,0,_
TP37,KAW0113,t1,i_ILROfferPrice,0,_
TP37,KIN0331,t1,i_ILROfferMax,1.5,_
TP37,KIN0331,t1,i_ILROfferPrice,0,_
TP37,KPU0661,t1,i_ILROfferMax,1.5,_
TP37,KPU0661,t1,i_ILROfferPrice,0,_
TP37,MPE1101,t1,i_ILROfferMax,0,_
TP37,MPE1101,t1,i_ILROfferPrice,0,_
TP37,PEN0331,t1,i_ILROfferMax,0,_
TP37,PEN0331,t1,i_ILROfferPrice,0.01,_
TP37,PRM0331,t1,i_ILROfferMax,45,_
TP37,PRM0331,t1,i_ILROfferPrice,0,_
TP37,PRM0331,t2,i_ILROfferMax,18.047,_
TP37,PRM0331,t2,i_ILROfferPrice,0.02,_
TP37,WGN0331,t1,i_ILROfferMax,0,_
TP37,WGN0331,t1,i_ILROfferPrice,0.1,_
TP37,WHI0111,t1,i_ILROfferMax,40,_
TP37,WHI0111,t1,i_ILROfferPrice,0,_
TP37,WHU0331,t1,i_ILROfferMax,1.2,_
TP37,WHU0331,t1,i_ILROfferPrice,0,_
TP37,WKO0331,t1,i_ILROfferMax,1,_
TP37,WKO0331,t1,i_ILROfferPrice,0,_
TP38,BOB1101,t1,i_ILROfferMax,0,_
TP38,BOB1101,t1,i_ILROfferPrice,0,_
TP38,CPK0331,t1,i_ILROfferMax,5.437,_
TP38,CPK0331,t1,i_ILROfferPrice,0.01,_
TP38,CPK0331,t2,i_ILROfferMax,3.3,_
TP38,CPK0331,t2,i_ILROfferPrice,5.15,_
TP38,CPK0331,t3,i_ILROfferMax,2.2,_
TP38,CPK0331,t3,i_ILROfferPrice,10.29,_
TP38,HAM0331,t1,i_ILROfferMax,0,_
TP38,HAM0331,t1,i_ILROfferPrice,0.01,_
TP38,HIN0331,t1,i_ILROfferMax,2,_
TP38,HIN0331,t1,i_ILROfferPrice,0,_
TP38,ISL0331,t1,i_ILROfferMax,0,_
TP38,ISL0331,t1,i_ILROfferPrice,0,_
TP38,KAW0111,t1,i_ILROfferMax,0,_
TP38,KAW0111,t1,i_ILROfferPrice,600,_
TP38,KAW0113,t1,i_ILROfferMax,0,_
TP38,KAW0113,t1,i_ILROfferPrice,0,_
TP38,KIN0331,t1,i_ILROfferMax,1.5,_
TP38,KIN0331,t1,i_ILROfferPrice,0,_
TP38,KPU0661,t1,i_ILROfferMax,1.8,_
TP38,KPU0661,t1,i_ILROfferPrice,0,_
TP38,MPE1101,t1,i_ILROfferMax,0,_
TP38,MPE1101,t1,i_ILROfferPrice,0,_
TP38,PEN0331,t1,i_ILROfferMax,0,_
TP38,PEN0331,t1,i_ILROfferPrice,0.01,_
TP38,PRM0331,t1,i_ILROfferMax,45,_
TP38,PRM0331,t1,i_ILROfferPrice,0,_
TP38,PRM0331,t2,i_ILROfferMax,20.112,_
TP38,PRM0331,t2,i_ILROfferPrice,0.02,_
TP38,WGN0331,t1,i_ILROfferMax,0,_
TP38,WGN0331,t1,i_ILROfferPrice,0.1,_
TP38,WHI0111,t1,i_ILROfferMax,40,_
TP38,WHI0111,t1,i_ILROfferPrice,0,_
TP38,WHU0331,t1,i_ILROfferMax,1,_
TP38,WHU0331,t1,i_ILROfferPrice,0,_
TP38,WKO0331,t1,i_ILROfferMax,1.5,_
TP38,WKO0331,t1,i_ILROfferPrice,0,_
TP39,BOB1101,t1,i_ILROfferMax,0,_
TP39,BOB1101,t1,i_ILROfferPrice,0,_
TP39,CPK0331,t1,i_ILROfferMax,5.709,_
TP39,CPK0331,t1,i_ILROfferPrice,0.01,_
TP39,CPK0331,t2,i_ILROfferMax,3.4,_
TP39,CPK0331,t2,i_ILROfferPrice,5.15,_
TP39,CPK0331,t3,i_ILROfferMax,2.3,_
TP39,CPK0331,t3,i_ILROfferPrice,10.29,_
TP39,HAM0331,t1,i_ILROfferMax,0,_
TP39,HAM0331,t1,i_ILROfferPrice,0.01,_
TP39,HIN0331,t1,i_ILROfferMax,2,_
TP39,HIN0331,t1,i_ILROfferPrice,0,_
TP39,ISL0331,t1,i_ILROfferMax,0,_
TP39,ISL0331,t1,i_ILROfferPrice,0,_
TP39,KAW0111,t1,i_ILROfferMax,0,_
TP39,KAW0111,t1,i_ILROfferPrice,600,_
TP39,KAW0113,t1,i_ILROfferMax,0,_
TP39,KAW0113,t1,i_ILROfferPrice,0,_
TP39,KIN0331,t1,i_ILROfferMax,1.5,_
TP39,KIN0331,t1,i_ILROfferPrice,0,_
TP39,KPU0661,t1,i_ILROfferMax,1.8,_
TP39,KPU0661,t1,i_ILROfferPrice,0,_
TP39,MPE1101,t1,i_ILROfferMax,0,_
TP39,MPE1101,t1,i_ILROfferPrice,0,_
TP39,PEN0331,t1,i_ILROfferMax,0,_
TP39,PEN0331,t1,i_ILROfferPrice,0.01,_
TP39,PRM0331,t1,i_ILROfferMax,45,_
TP39,PRM0331,t1,i_ILROfferPrice,0,_
TP39,PRM0331,t2,i_ILROfferMax,57.334,_
TP39,PRM0331,t2,i_ILROfferPrice,0.02,_
TP39,WGN0331,t1,i_ILROfferMax,0,_
TP39,WGN0331,t1,i_ILROfferPrice,0.1,_
TP39,WHI0111,t1,i_ILROfferMax,40,_
TP39,WHI0111,t1,i_ILROfferPrice,0,_
TP39,WHU0331,t1,i_ILROfferMax,1,_
TP39,WHU0331,t1,i_ILROfferPrice,0,_
TP39,WKO0331,t1,i_ILROfferMax,1.5,_
TP39,WKO0331,t1,i_ILROfferPrice,0,_
TP40,BOB1101,t1,i_ILROfferMax,0,_
TP40,BOB1101,t1,i_ILROfferPrice,0,_
TP40,CPK0331,t1,i_ILROfferMax,5.718,_
TP40,CPK0331,t1,i_ILROfferPrice,0.01,_
TP40,CPK0331,t2,i_ILROfferMax,3.4,_
TP40,CPK0331,t2,i_ILROfferPrice,5.15,_
TP40,CPK0331,t3,i_ILROfferMax,2.3,_
TP40,CPK0331,t3,i_ILROfferPrice,10.29,_
TP40,HAM0331,t1,i_ILROfferMax,0,_
TP40,HAM0331,t1,i_ILROfferPrice,0.01,_
TP40,HIN0331,t1,i_ILROfferMax,2,_
TP40,HIN0331,t1,i_ILROfferPrice,0,_
TP40,ISL0331,t1,i_ILROfferMax,0,_
TP40,ISL0331,t1,i_ILROfferPrice,0,_
TP40,KAW0111,t1,i_ILROfferMax,0,_
TP40,KAW0111,t1,i_ILROfferPrice,600,_
TP40,KAW0113,t1,i_ILROfferMax,0,_
TP40,KAW0113,t1,i_ILROfferPrice,0,_
TP40,KIN0331,t1,i_ILROfferMax,1.7,_
TP40,KIN0331,t1,i_ILROfferPrice,0,_
TP40,KPU0661,t1,i_ILROfferMax,2,_
TP40,KPU0661,t1,i_ILROfferPrice,0,_
TP40,MPE1101,t1,i_ILROfferMax,0,_
TP40,MPE1101,t1,i_ILROfferPrice,0,_
TP40,PEN0331,t1,i_ILROfferMax,0,_
TP40,PEN0331,t1,i_ILROfferPrice,0.01,_
TP40,PRM0331,t1,i_ILROfferMax,45,_
TP40,PRM0331,t1,i_ILROfferPrice,0,_
TP40,PRM0331,t2,i_ILROfferMax,57.121,_
TP40,PRM0331,t2,i_ILROfferPrice,0.02,_
TP40,WGN0331,t1,i_ILROfferMax,0,_
TP40,WGN0331,t1,i_ILROfferPrice,0.1,_
TP40,WHI0111,t1,i_ILROfferMax,40,_
TP40,WHI0111,t1,i_ILROfferPrice,0,_
TP40,WHU0331,t1,i_ILROfferMax,1,_
TP40,WHU0331,t1,i_ILROfferPrice,0,_
TP40,WKO0331,t1,i_ILROfferMax,1.5,_
TP40,WKO0331,t1,i_ILROfferPrice,0,_
TP41,BOB1101,t1,i_ILROfferMax,6.072,_
TP41,BOB1101,t1,i_ILROfferPrice,0,_
TP41,CPK0331,t1,i_ILROfferMax,5.728,_
TP41,CPK0331,t1,i_ILROfferPrice,0.01,_
TP41,CPK0331,t2,i_ILROfferMax,3.4,_
TP41,CPK0331,t2,i_ILROfferPrice,5.15,_
TP41,CPK0331,t3,i_ILROfferMax,2.3,_
TP41,CPK0331,t3,i_ILROfferPrice,10.29,_
TP41,HAM0331,t1,i_ILROfferMax,0,_
TP41,HAM0331,t1,i_ILROfferPrice,0.01,_
TP41,HIN0331,t1,i_ILROfferMax,2.5,_
TP41,HIN0331,t1,i_ILROfferPrice,0,_
TP41,ISL0331,t1,i_ILROfferMax,0,_
TP41,ISL0331,t1,i_ILROfferPrice,0,_
TP41,KAW0111,t1,i_ILROfferMax,0,_
TP41,KAW0111,t1,i_ILROfferPrice,600,_
TP41,KAW0113,t1,i_ILROfferMax,0,_
TP41,KAW0113,t1,i_ILROfferPrice,0,_
TP41,KIN0331,t1,i_ILROfferMax,1.9,_
TP41,KIN0331,t1,i_ILROfferPrice,0,_
TP41,KPU0661,t1,i_ILROfferMax,1.5,_
TP41,KPU0661,t1,i_ILROfferPrice,0,_
TP41,MPE1101,t1,i_ILROfferMax,0,_
TP41,MPE1101,t1,i_ILROfferPrice,0,_
TP41,PEN0331,t1,i_ILROfferMax,0,_
TP41,PEN0331,t1,i_ILROfferPrice,0.01,_
TP41,PRM0331,t1,i_ILROfferMax,45,_
TP41,PRM0331,t1,i_ILROfferPrice,0,_
TP41,PRM0331,t2,i_ILROfferMax,65.941,_
TP41,PRM0331,t2,i_ILROfferPrice,0.02,_
TP41,WGN0331,t1,i_ILROfferMax,0,_
TP41,WGN0331,t1,i_ILROfferPrice,0.1,_
TP41,WHI0111,t1,i_ILROfferMax,40,_
TP41,WHI0111,t1,i_ILROfferPrice,0,_
TP41,WHU0331,t1,i_ILROfferMax,1.2,_
TP41,WHU0331,t1,i_ILROfferPrice,0,_
TP41,WKO0331,t1,i_ILROfferMax,1.5,_
TP41,WKO0331,t1,i_ILROfferPrice,0,_
TP42,BOB1101,t1,i_ILROfferMax,6.065,_
TP42,BOB1101,t1,i_ILROfferPrice,0,_
TP42,CPK0331,t1,i_ILROfferMax,5.814,_
TP42,CPK0331,t1,i_ILROfferPrice,0.01,_
TP42,CPK0331,t2,i_ILROfferMax,3.5,_
TP42,CPK0331,t2,i_ILROfferPrice,5.15,_
TP42,CPK0331,t3,i_ILROfferMax,2.3,_
TP42,CPK0331,t3,i_ILROfferPrice,10.29,_
TP42,HAM0331,t1,i_ILROfferMax,0,_
TP42,HAM0331,t1,i_ILROfferPrice,0.01,_
TP42,HIN0331,t1,i_ILROfferMax,2.5,_
TP42,HIN0331,t1,i_ILROfferPrice,0,_
TP42,ISL0331,t1,i_ILROfferMax,0,_
TP42,ISL0331,t1,i_ILROfferPrice,0,_
TP42,KAW0111,t1,i_ILROfferMax,0,_
TP42,KAW0111,t1,i_ILROfferPrice,600,_
TP42,KAW0113,t1,i_ILROfferMax,0,_
TP42,KAW0113,t1,i_ILROfferPrice,0,_
TP42,KIN0331,t1,i_ILROfferMax,1.7,_
TP42,KIN0331,t1,i_ILROfferPrice,0,_
TP42,KPU0661,t1,i_ILROfferMax,1.5,_
TP42,KPU0661,t1,i_ILROfferPrice,0,_
TP42,MPE1101,t1,i_ILROfferMax,0,_
TP42,MPE1101,t1,i_ILROfferPrice,0,_
TP42,PEN0331,t1,i_ILROfferMax,0,_
TP42,PEN0331,t1,i_ILROfferPrice,0.01,_
TP42,PRM0331,t1,i_ILROfferMax,55,_
TP42,PRM0331,t1,i_ILROfferPrice,0,_
TP42,PRM0331,t2,i_ILROfferMax,70.199,_
TP42,PRM0331,t2,i_ILROfferPrice,0.02,_
TP42,WGN0331,t1,i_ILROfferMax,0,_
TP42,WGN0331,t1,i_ILROfferPrice,0.1,_
TP42,WHI0111,t1,i_ILROfferMax,40,_
TP42,WHI0111,t1,i_ILROfferPrice,0,_
TP42,WHU0331,t1,i_ILROfferMax,1,_
TP42,WHU0331,t1,i_ILROfferPrice,0,_
TP42,WKO0331,t1,i_ILROfferMax,1.7,_
TP42,WKO0331,t1,i_ILROfferPrice,0,_
TP43,BOB1101,t1,i_ILROfferMax,6.63,_
TP43,BOB1101,t1,i_ILROfferPrice,0,_
TP43,CPK0331,t1,i_ILROfferMax,5.899,_
TP43,CPK0331,t1,i_ILROfferPrice,0.01,_
TP43,CPK0331,t2,i_ILROfferMax,3.5,_
TP43,CPK0331,t2,i_ILROfferPrice,5.15,_
TP43,CPK0331,t3,i_ILROfferMax,2.4,_
TP43,CPK0331,t3,i_ILROfferPrice,10.29,_
TP43,HAM0331,t1,i_ILROfferMax,0,_
TP43,HAM0331,t1,i_ILROfferPrice,0.01,_
TP43,HIN0331,t1,i_ILROfferMax,2.5,_
TP43,HIN0331,t1,i_ILROfferPrice,0,_
TP43,ISL0331,t1,i_ILROfferMax,0,_
TP43,ISL0331,t1,i_ILROfferPrice,0,_
TP43,KAW0111,t1,i_ILROfferMax,0,_
TP43,KAW0111,t1,i_ILROfferPrice,600,_
TP43,KAW0113,t1,i_ILROfferMax,0,_
TP43,KAW0113,t1,i_ILROfferPrice,0,_
TP43,KIN0331,t1,i_ILROfferMax,1.5,_
TP43,KIN0331,t1,i_ILROfferPrice,0,_
TP43,KPU0661,t1,i_ILROfferMax,1.5,_
TP43,KPU0661,t1,i_ILROfferPrice,0,_
TP43,MPE1101,t1,i_ILROfferMax,2,_
TP43,MPE1101,t1,i_ILROfferPrice,0,_
TP43,PEN0331,t1,i_ILROfferMax,0,_
TP43,PEN0331,t1,i_ILROfferPrice,0.01,_
TP43,PRM0331,t1,i_ILROfferMax,55,_
TP43,PRM0331,t1,i_ILROfferPrice,0,_
TP43,PRM0331,t2,i_ILROfferMax,82.891,_
TP43,PRM0331,t2,i_ILROfferPrice,0.02,_
TP43,WGN0331,t1,i_ILROfferMax,0,_
TP43,WGN0331,t1,i_ILROfferPrice,0.1,_
TP43,WHI0111,t1,i_ILROfferMax,40,_
TP43,WHI0111,t1,i_ILROfferPrice,0,_
TP43,WHU0331,t1,i_ILROfferMax,1.3,_
TP43,WHU0331,t1,i_ILROfferPrice,0,_
TP43,WKO0331,t1,i_ILROfferMax,1.7,_
TP43,WKO0331,t1,i_ILROfferPrice,0,_
TP44,BOB1101,t1,i_ILROfferMax,5.389,_
TP44,BOB1101,t1,i_ILROfferPrice,0,_
TP44,CPK0331,t1,i_ILROfferMax,5.82,_
TP44,CPK0331,t1,i_ILROfferPrice,0.01,_
TP44,CPK0331,t2,i_ILROfferMax,3.5,_
TP44,CPK0331,t2,i_ILROfferPrice,5.15,_
TP44,CPK0331,t3,i_ILROfferMax,2.3,_
TP44,CPK0331,t3,i_ILROfferPrice,10.29,_
TP44,HAM0331,t1,i_ILROfferMax,7.886,_
TP44,HAM0331,t1,i_ILROfferPrice,0.01,_
TP44,HIN0331,t1,i_ILROfferMax,2.5,_
TP44,HIN0331,t1,i_ILROfferPrice,0,_
TP44,ISL0331,t1,i_ILROfferMax,0,_
TP44,ISL0331,t1,i_ILROfferPrice,0,_
TP44,KAW0111,t1,i_ILROfferMax,0,_
TP44,KAW0111,t1,i_ILROfferPrice,600,_
TP44,KAW0113,t1,i_ILROfferMax,0,_
TP44,KAW0113,t1,i_ILROfferPrice,0,_
TP44,KIN0331,t1,i_ILROfferMax,1.5,_
TP44,KIN0331,t1,i_ILROfferPrice,0,_
TP44,KPU0661,t1,i_ILROfferMax,1.5,_
TP44,KPU0661,t1,i_ILROfferPrice,0,_
TP44,MPE1101,t1,i_ILROfferMax,5.5,_
TP44,MPE1101,t1,i_ILROfferPrice,0,_
TP44,PEN0331,t1,i_ILROfferMax,0,_
TP44,PEN0331,t1,i_ILROfferPrice,0.01,_
TP44,PRM0331,t1,i_ILROfferMax,55,_
TP44,PRM0331,t1,i_ILROfferPrice,0,_
TP44,PRM0331,t2,i_ILROfferMax,81.68,_
TP44,PRM0331,t2,i_ILROfferPrice,0.02,_
TP44,WGN0331,t1,i_ILROfferMax,0,_
TP44,WGN0331,t1,i_ILROfferPrice,0.1,_
TP44,WHI0111,t1,i_ILROfferMax,40,_
TP44,WHI0111,t1,i_ILROfferPrice,0,_
TP44,WHU0331,t1,i_ILROfferMax,1,_
TP44,WHU0331,t1,i_ILROfferPrice,0,_
TP44,WKO0331,t1,i_ILROfferMax,1.7,_
TP44,WKO0331,t1,i_ILROfferPrice,0,_
TP45,BOB1101,t1,i_ILROfferMax,4.63,_
TP45,BOB1101,t1,i_ILROfferPrice,0,_
TP45,CPK0331,t1,i_ILROfferMax,5.742,_
TP45,CPK0331,t1,i_ILROfferPrice,0.01,_
TP45,CPK0331,t2,i_ILROfferMax,3.4,_
TP45,CPK0331,t2,i_ILROfferPrice,5.15,_
TP45,CPK0331,t3,i_ILROfferMax,2.3,_
TP45,CPK0331,t3,i_ILROfferPrice,10.29,_
TP45,HAM0331,t1,i_ILROfferMax,7.077,_
TP45,HAM0331,t1,i_ILROfferPrice,0.01,_
TP45,HIN0331,t1,i_ILROfferMax,2,_
TP45,HIN0331,t1,i_ILROfferPrice,0,_
TP45,ISL0331,t1,i_ILROfferMax,0,_
TP45,ISL0331,t1,i_ILROfferPrice,0,_
TP45,KAW0111,t1,i_ILROfferMax,0,_
TP45,KAW0111,t1,i_ILROfferPrice,600,_
TP45,KAW0113,t1,i_ILROfferMax,0,_
TP45,KAW0113,t1,i_ILROfferPrice,0,_
TP45,KIN0331,t1,i_ILROfferMax,1.5,_
TP45,KIN0331,t1,i_ILROfferPrice,0,_
TP45,KPU0661,t1,i_ILROfferMax,2,_
TP45,KPU0661,t1,i_ILROfferPrice,0,_
TP45,MPE1101,t1,i_ILROfferMax,5.5,_
TP45,MPE1101,t1,i_ILROfferPrice,0,_
TP45,PEN0331,t1,i_ILROfferMax,16.8,_
TP45,PEN0331,t1,i_ILROfferPrice,0.01,_
TP45,PEN0331,t2,i_ILROfferMax,8.4,_
TP45,PEN0331,t2,i_ILROfferPrice,0.45,_
TP45,PEN0331,t3,i_ILROfferMax,8.4,_
TP45,PEN0331,t3,i_ILROfferPrice,2.95,_
TP45,PRM0331,t1,i_ILROfferMax,55,_
TP45,PRM0331,t1,i_ILROfferPrice,0,_
TP45,PRM0331,t2,i_ILROfferMax,80.664,_
TP45,PRM0331,t2,i_ILROfferPrice,0.02,_
TP45,WGN0331,t1,i_ILROfferMax,0,_
TP45,WGN0331,t1,i_ILROfferPrice,0.1,_
TP45,WHI0111,t1,i_ILROfferMax,40,_
TP45,WHI0111,t1,i_ILROfferPrice,0,_
TP45,WHU0331,t1,i_ILROfferMax,1,_
TP45,WHU0331,t1,i_ILROfferPrice,0,_
TP45,WKO0331,t1,i_ILROfferMax,1.5,_
TP45,WKO0331,t1,i_ILROfferPrice,0,_
TP46,BOB1101,t1,i_ILROfferMax,3.907,_
TP46,BOB1101,t1,i_ILROfferPrice,0,_
TP46,CPK0331,t1,i_ILROfferMax,4.972,_
TP46,CPK0331,t1,i_ILROfferPrice,0.01,_
TP46,CPK0331,t2,i_ILROfferMax,3,_
TP46,CPK0331,t2,i_ILROfferPrice,5.15,_
TP46,CPK0331,t3,i_ILROfferMax,2,_
TP46,CPK0331,t3,i_ILROfferPrice,10.29,_
TP46,HAM0331,t1,i_ILROfferMax,6.496,_
TP46,HAM0331,t1,i_ILROfferPrice,0.01,_
TP46,HIN0331,t1,i_ILROfferMax,1.5,_
TP46,HIN0331,t1,i_ILROfferPrice,0,_
TP46,ISL0331,t1,i_ILROfferMax,0,_
TP46,ISL0331,t1,i_ILROfferPrice,0,_
TP46,KAW0111,t1,i_ILROfferMax,0,_
TP46,KAW0111,t1,i_ILROfferPrice,600,_
TP46,KAW0113,t1,i_ILROfferMax,0,_
TP46,KAW0113,t1,i_ILROfferPrice,0,_
TP46,KIN0331,t1,i_ILROfferMax,1.2,_
TP46,KIN0331,t1,i_ILROfferPrice,0,_
TP46,KPU0661,t1,i_ILROfferMax,2,_
TP46,KPU0661,t1,i_ILROfferPrice,0,_
TP46,MPE1101,t1,i_ILROfferMax,4,_
TP46,MPE1101,t1,i_ILROfferPrice,0,_
TP46,PEN0331,t1,i_ILROfferMax,16.3,_
TP46,PEN0331,t1,i_ILROfferPrice,0.01,_
TP46,PEN0331,t2,i_ILROfferMax,8.2,_
TP46,PEN0331,t2,i_ILROfferPrice,0.45,_
TP46,PEN0331,t3,i_ILROfferMax,8.2,_
TP46,PEN0331,t3,i_ILROfferPrice,2.95,_
TP46,PRM0331,t1,i_ILROfferMax,55,_
TP46,PRM0331,t1,i_ILROfferPrice,0,_
TP46,PRM0331,t2,i_ILROfferMax,82.537,_
TP46,PRM0331,t2,i_ILROfferPrice,0.02,_
TP46,WGN0331,t1,i_ILROfferMax,0,_
TP46,WGN0331,t1,i_ILROfferPrice,0.1,_
TP46,WHI0111,t1,i_ILROfferMax,40,_
TP46,WHI0111,t1,i_ILROfferPrice,0,_
TP46,WHU0331,t1,i_ILROfferMax,1,_
TP46,WHU0331,t1,i_ILROfferPrice,0,_
TP46,WKO0331,t1,i_ILROfferMax,1.5,_
TP46,WKO0331,t1,i_ILROfferPrice,0,_
TP47,BOB1101,t1,i_ILROfferMax,2.835,_
TP47,BOB1101,t1,i_ILROfferPrice,0,_
TP47,CPK0331,t1,i_ILROfferMax,4.202,_
TP47,CPK0331,t1,i_ILROfferPrice,0.01,_
TP47,CPK0331,t2,i_ILROfferMax,2.5,_
TP47,CPK0331,t2,i_ILROfferPrice,5.15,_
TP47,CPK0331,t3,i_ILROfferMax,1.7,_
TP47,CPK0331,t3,i_ILROfferPrice,10.29,_
TP47,HAM0331,t1,i_ILROfferMax,6.102,_
TP47,HAM0331,t1,i_ILROfferPrice,0.01,_
TP47,HIN0331,t1,i_ILROfferMax,1.5,_
TP47,HIN0331,t1,i_ILROfferPrice,0,_
TP47,ISL0331,t1,i_ILROfferMax,0,_
TP47,ISL0331,t1,i_ILROfferPrice,0,_
TP47,KAW0111,t1,i_ILROfferMax,0,_
TP47,KAW0111,t1,i_ILROfferPrice,600,_
TP47,KAW0113,t1,i_ILROfferMax,0,_
TP47,KAW0113,t1,i_ILROfferPrice,0,_
TP47,KIN0331,t1,i_ILROfferMax,1.1,_
TP47,KIN0331,t1,i_ILROfferPrice,0,_
TP47,KPU0661,t1,i_ILROfferMax,1,_
TP47,KPU0661,t1,i_ILROfferPrice,0,_
TP47,MPE1101,t1,i_ILROfferMax,4,_
TP47,MPE1101,t1,i_ILROfferPrice,0,_
TP47,PEN0331,t1,i_ILROfferMax,14.9,_
TP47,PEN0331,t1,i_ILROfferPrice,0.01,_
TP47,PEN0331,t2,i_ILROfferMax,7.5,_
TP47,PEN0331,t2,i_ILROfferPrice,0.45,_
TP47,PEN0331,t3,i_ILROfferMax,7.5,_
TP47,PEN0331,t3,i_ILROfferPrice,2.95,_
TP47,PRM0331,t1,i_ILROfferMax,55,_
TP47,PRM0331,t1,i_ILROfferPrice,0,_
TP47,PRM0331,t2,i_ILROfferMax,85,_
TP47,PRM0331,t2,i_ILROfferPrice,0.02,_
TP47,WGN0331,t1,i_ILROfferMax,0,_
TP47,WGN0331,t1,i_ILROfferPrice,0.1,_
TP47,WHI0111,t1,i_ILROfferMax,40,_
TP47,WHI0111,t1,i_ILROfferPrice,0,_
TP47,WHU0331,t1,i_ILROfferMax,1,_
TP47,WHU0331,t1,i_ILROfferPrice,0,_
TP47,WKO0331,t1,i_ILROfferMax,1.1,_
TP47,WKO0331,t1,i_ILROfferPrice,0,_
TP48,BOB1101,t1,i_ILROfferMax,3.189,_
TP48,BOB1101,t1,i_ILROfferPrice,0,_
TP48,CPK0331,t1,i_ILROfferMax,3.476,_
TP48,CPK0331,t1,i_ILROfferPrice,0.01,_
TP48,CPK0331,t2,i_ILROfferMax,2.1,_
TP48,CPK0331,t2,i_ILROfferPrice,5.15,_
TP48,CPK0331,t3,i_ILROfferMax,1.4,_
TP48,CPK0331,t3,i_ILROfferPrice,10.29,_
TP48,HAM0331,t1,i_ILROfferMax,4.696,_
TP48,HAM0331,t1,i_ILROfferPrice,0.01,_
TP48,HIN0331,t1,i_ILROfferMax,1.5,_
TP48,HIN0331,t1,i_ILROfferPrice,0,_
TP48,ISL0331,t1,i_ILROfferMax,0,_
TP48,ISL0331,t1,i_ILROfferPrice,0,_
TP48,KAW0111,t1,i_ILROfferMax,0,_
TP48,KAW0111,t1,i_ILROfferPrice,600,_
TP48,KAW0113,t1,i_ILROfferMax,0,_
TP48,KAW0113,t1,i_ILROfferPrice,0,_
TP48,KIN0331,t1,i_ILROfferMax,1,_
TP48,KIN0331,t1,i_ILROfferPrice,0,_
TP48,KPU0661,t1,i_ILROfferMax,0.8,_
TP48,KPU0661,t1,i_ILROfferPrice,0,_
TP48,MPE1101,t1,i_ILROfferMax,4,_
TP48,MPE1101,t1,i_ILROfferPrice,0,_
TP48,PEN0331,t1,i_ILROfferMax,13.4,_
TP48,PEN0331,t1,i_ILROfferPrice,0.01,_
TP48,PEN0331,t2,i_ILROfferMax,6.7,_
TP48,PEN0331,t2,i_ILROfferPrice,0.45,_
TP48,PEN0331,t3,i_ILROfferMax,6.7,_
TP48,PEN0331,t3,i_ILROfferPrice,2.95,_
TP48,PRM0331,t1,i_ILROfferMax,55,_
TP48,PRM0331,t1,i_ILROfferPrice,0,_
TP48,PRM0331,t2,i_ILROfferMax,84.063,_
TP48,PRM0331,t2,i_ILROfferPrice,0.02,_
TP48,WGN0331,t1,i_ILROfferMax,0,_
TP48,WGN0331,t1,i_ILROfferPrice,0.1,_
TP48,WHI0111,t1,i_ILROfferMax,40,_
TP48,WHI0111,t1,i_ILROfferPrice,0,_
TP48,WHU0331,t1,i_ILROfferMax,0.4,_
TP48,WHU0331,t1,i_ILROfferPrice,0,_
TP48,WKO0331,t1,i_ILROfferMax,0.6,_
TP48,WKO0331,t1,i_ILROfferPrice,0,
