-,,,,,
-,,,,,
TP1,BOB1101,t1,i_ILROfferMax,3.194, 
TP1,BOB1101,t1,i_ILROfferPrice,0, 
TP1,CPK0331,t1,i_ILROfferMax,2.749, 
TP1,CPK0331,t1,i_ILROfferPrice,0.01, 
TP1,CPK0331,t2,i_ILROfferMax,1.6, 
TP1,CPK0331,t2,i_ILROfferPrice,5.15, 
TP1,CPK0331,t3,i_ILROfferMax,1.1, 
TP1,CPK0331,t3,i_ILROfferPrice,10.29, 
TP1,HAM0331,t1,i_ILROfferMax,4.957, 
TP1,HAM0331,t1,i_ILROfferPrice,0.01, 
TP1,HIN0331,t1,i_ILROfferMax,0.8, 
TP1,HIN0331,t1,i_ILROfferPrice,0, 
TP1,ISL0331,t1,i_ILROfferMax,0, 
TP1,ISL0331,t1,i_ILROfferPrice,0, 
TP1,KAW0111,t1,i_ILROfferMax,3.59, 
TP1,KAW0111,t1,i_ILROfferPrice,600, 
TP1,KAW0111,t2,i_ILROfferMax,1.79, 
TP1,KAW0111,t2,i_ILROfferPrice,601, 
TP1,KAW0111,t3,i_ILROfferMax,0.62, 
TP1,KAW0111,t3,i_ILROfferPrice,602, 
TP1,KAW0113,t1,i_ILROfferMax,62, 
TP1,KAW0113,t1,i_ILROfferPrice,0, 
TP1,KIN0331,t1,i_ILROfferMax,0.6, 
TP1,KIN0331,t1,i_ILROfferPrice,0, 
TP1,KPU0661,t1,i_ILROfferMax,0.4, 
TP1,KPU0661,t1,i_ILROfferPrice,0, 
TP1,MPE1101,t1,i_ILROfferMax,3.5, 
TP1,MPE1101,t1,i_ILROfferPrice,0, 
TP1,PEN0331,t1,i_ILROfferMax,9.35, 
TP1,PEN0331,t1,i_ILROfferPrice,0.01, 
TP1,PEN0331,t2,i_ILROfferMax,4.7, 
TP1,PEN0331,t2,i_ILROfferPrice,0.45, 
TP1,PEN0331,t3,i_ILROfferMax,4.7, 
TP1,PEN0331,t3,i_ILROfferPrice,2.95, 
TP1,PRM0331,t1,i_ILROfferMax,55, 
TP1,PRM0331,t1,i_ILROfferPrice,0, 
TP1,PRM0331,t2,i_ILROfferMax,82.243, 
TP1,PRM0331,t2,i_ILROfferPrice,0.02, 
TP1,WGN0331,t1,i_ILROfferMax,0, 
TP1,WGN0331,t1,i_ILROfferPrice,0.1, 
TP1,WHI0111,t1,i_ILROfferMax,30, 
TP1,WHI0111,t1,i_ILROfferPrice,0, 
TP1,WHU0331,t1,i_ILROfferMax,0.4, 
TP1,WHU0331,t1,i_ILROfferPrice,0, 
TP1,WKO0331,t1,i_ILROfferMax,0.7, 
TP1,WKO0331,t1,i_ILROfferPrice,0, 
TP2,BOB1101,t1,i_ILROfferMax,2.773, 
TP2,BOB1101,t1,i_ILROfferPrice,0, 
TP2,CPK0331,t1,i_ILROfferMax,2.44, 
TP2,CPK0331,t1,i_ILROfferPrice,0.01, 
TP2,CPK0331,t2,i_ILROfferMax,1.5, 
TP2,CPK0331,t2,i_ILROfferPrice,5.15, 
TP2,CPK0331,t3,i_ILROfferMax,1, 
TP2,CPK0331,t3,i_ILROfferPrice,10.29, 
TP2,HAM0331,t1,i_ILROfferMax,4, 
TP2,HAM0331,t1,i_ILROfferPrice,0.01, 
TP2,HIN0331,t1,i_ILROfferMax,0.8, 
TP2,HIN0331,t1,i_ILROfferPrice,0, 
TP2,ISL0331,t1,i_ILROfferMax,0, 
TP2,ISL0331,t1,i_ILROfferPrice,0, 
TP2,KAW0111,t1,i_ILROfferMax,3.59, 
TP2,KAW0111,t1,i_ILROfferPrice,600, 
TP2,KAW0111,t2,i_ILROfferMax,1.79, 
TP2,KAW0111,t2,i_ILROfferPrice,601, 
TP2,KAW0111,t3,i_ILROfferMax,0.62, 
TP2,KAW0111,t3,i_ILROfferPrice,602, 
TP2,KAW0113,t1,i_ILROfferMax,62, 
TP2,KAW0113,t1,i_ILROfferPrice,0, 
TP2,KIN0331,t1,i_ILROfferMax,0.4, 
TP2,KIN0331,t1,i_ILROfferPrice,0, 
TP2,KPU0661,t1,i_ILROfferMax,0.3, 
TP2,KPU0661,t1,i_ILROfferPrice,0, 
TP2,MPE1101,t1,i_ILROfferMax,3.5, 
TP2,MPE1101,t1,i_ILROfferPrice,0, 
TP2,PEN0331,t1,i_ILROfferMax,7.45, 
TP2,PEN0331,t1,i_ILROfferPrice,0.01, 
TP2,PEN0331,t2,i_ILROfferMax,3.7, 
TP2,PEN0331,t2,i_ILROfferPrice,0.45, 
TP2,PEN0331,t3,i_ILROfferMax,3.7, 
TP2,PEN0331,t3,i_ILROfferPrice,2.95, 
TP2,PRM0331,t1,i_ILROfferMax,55, 
TP2,PRM0331,t1,i_ILROfferPrice,0, 
TP2,PRM0331,t2,i_ILROfferMax,74.403, 
TP2,PRM0331,t2,i_ILROfferPrice,0.02, 
TP2,WGN0331,t1,i_ILROfferMax,0, 
TP2,WGN0331,t1,i_ILROfferPrice,0.1, 
TP2,WHI0111,t1,i_ILROfferMax,30, 
TP2,WHI0111,t1,i_ILROfferPrice,0, 
TP2,WHU0331,t1,i_ILROfferMax,0.3, 
TP2,WHU0331,t1,i_ILROfferPrice,0, 
TP2,WKO0331,t1,i_ILROfferMax,0.2, 
TP2,WKO0331,t1,i_ILROfferPrice,0, 
TP3,BOB1101,t1,i_ILROfferMax,2.623, 
TP3,BOB1101,t1,i_ILROfferPrice,0, 
TP3,CPK0331,t1,i_ILROfferMax,2.131, 
TP3,CPK0331,t1,i_ILROfferPrice,0.01, 
TP3,CPK0331,t2,i_ILROfferMax,1.3, 
TP3,CPK0331,t2,i_ILROfferPrice,5.15, 
TP3,CPK0331,t3,i_ILROfferMax,0.9, 
TP3,CPK0331,t3,i_ILROfferPrice,10.29, 
TP3,HAM0331,t1,i_ILROfferMax,3.255, 
TP3,HAM0331,t1,i_ILROfferPrice,0.01, 
TP3,HIN0331,t1,i_ILROfferMax,0.5, 
TP3,HIN0331,t1,i_ILROfferPrice,0, 
TP3,ISL0331,t1,i_ILROfferMax,0, 
TP3,ISL0331,t1,i_ILROfferPrice,0, 
TP3,KAW0111,t1,i_ILROfferMax,6, 
TP3,KAW0111,t1,i_ILROfferPrice,600, 
TP3,KAW0113,t1,i_ILROfferMax,64, 
TP3,KAW0113,t1,i_ILROfferPrice,0, 
TP3,KIN0331,t1,i_ILROfferMax,0.3, 
TP3,KIN0331,t1,i_ILROfferPrice,0, 
TP3,KPU0661,t1,i_ILROfferMax,0.3, 
TP3,KPU0661,t1,i_ILROfferPrice,0, 
TP3,MPE1101,t1,i_ILROfferMax,3.5, 
TP3,MPE1101,t1,i_ILROfferPrice,0, 
TP3,PEN0331,t1,i_ILROfferMax,6.4, 
TP3,PEN0331,t1,i_ILROfferPrice,0.01, 
TP3,PEN0331,t2,i_ILROfferMax,3.2, 
TP3,PEN0331,t2,i_ILROfferPrice,0.45, 
TP3,PEN0331,t3,i_ILROfferMax,3.2, 
TP3,PEN0331,t3,i_ILROfferPrice,2.95, 
TP3,PRM0331,t1,i_ILROfferMax,55, 
TP3,PRM0331,t1,i_ILROfferPrice,0, 
TP3,PRM0331,t2,i_ILROfferMax,74.301, 
TP3,PRM0331,t2,i_ILROfferPrice,0.02, 
TP3,WGN0331,t1,i_ILROfferMax,0, 
TP3,WGN0331,t1,i_ILROfferPrice,0.1, 
TP3,WHI0111,t1,i_ILROfferMax,30, 
TP3,WHI0111,t1,i_ILROfferPrice,0, 
TP3,WHU0331,t1,i_ILROfferMax,0.3, 
TP3,WHU0331,t1,i_ILROfferPrice,0, 
TP3,WKO0331,t1,i_ILROfferMax,0.2, 
TP3,WKO0331,t1,i_ILROfferPrice,0, 
TP4,BOB1101,t1,i_ILROfferMax,2.388, 
TP4,BOB1101,t1,i_ILROfferPrice,0, 
TP4,CPK0331,t1,i_ILROfferMax,1.835, 
TP4,CPK0331,t1,i_ILROfferPrice,0.01, 
TP4,CPK0331,t2,i_ILROfferMax,1.1, 
TP4,CPK0331,t2,i_ILROfferPrice,5.15, 
TP4,CPK0331,t3,i_ILROfferMax,0.7, 
TP4,CPK0331,t3,i_ILROfferPrice,10.29, 
TP4,HAM0331,t1,i_ILROfferMax,2.86, 
TP4,HAM0331,t1,i_ILROfferPrice,0.01, 
TP4,HIN0331,t1,i_ILROfferMax,0.5, 
TP4,HIN0331,t1,i_ILROfferPrice,0, 
TP4,ISL0331,t1,i_ILROfferMax,0, 
TP4,ISL0331,t1,i_ILROfferPrice,0, 
TP4,KAW0111,t1,i_ILROfferMax,6, 
TP4,KAW0111,t1,i_ILROfferPrice,600, 
TP4,KAW0113,t1,i_ILROfferMax,64, 
TP4,KAW0113,t1,i_ILROfferPrice,0, 
TP4,KIN0331,t1,i_ILROfferMax,0.3, 
TP4,KIN0331,t1,i_ILROfferPrice,0, 
TP4,KPU0661,t1,i_ILROfferMax,0.3, 
TP4,KPU0661,t1,i_ILROfferPrice,0, 
TP4,MPE1101,t1,i_ILROfferMax,3.5, 
TP4,MPE1101,t1,i_ILROfferPrice,0, 
TP4,PEN0331,t1,i_ILROfferMax,5.65, 
TP4,PEN0331,t1,i_ILROfferPrice,0.01, 
TP4,PEN0331,t2,i_ILROfferMax,2.8, 
TP4,PEN0331,t2,i_ILROfferPrice,0.45, 
TP4,PEN0331,t3,i_ILROfferMax,2.8, 
TP4,PEN0331,t3,i_ILROfferPrice,2.95, 
TP4,PRM0331,t1,i_ILROfferMax,55, 
TP4,PRM0331,t1,i_ILROfferPrice,0, 
TP4,PRM0331,t2,i_ILROfferMax,73.812, 
TP4,PRM0331,t2,i_ILROfferPrice,0.02, 
TP4,WGN0331,t1,i_ILROfferMax,0, 
TP4,WGN0331,t1,i_ILROfferPrice,0.1, 
TP4,WHI0111,t1,i_ILROfferMax,30, 
TP4,WHI0111,t1,i_ILROfferPrice,0, 
TP4,WHU0331,t1,i_ILROfferMax,0.3, 
TP4,WHU0331,t1,i_ILROfferPrice,0, 
TP4,WKO0331,t1,i_ILROfferMax,0.2, 
TP4,WKO0331,t1,i_ILROfferPrice,0, 
TP5,BOB1101,t1,i_ILROfferMax,2.021, 
TP5,BOB1101,t1,i_ILROfferPrice,0, 
TP5,CPK0331,t1,i_ILROfferMax,1.54, 
TP5,CPK0331,t1,i_ILROfferPrice,0.01, 
TP5,CPK0331,t2,i_ILROfferMax,0.9, 
TP5,CPK0331,t2,i_ILROfferPrice,5.15, 
TP5,CPK0331,t3,i_ILROfferMax,0.6, 
TP5,CPK0331,t3,i_ILROfferPrice,10.29, 
TP5,HAM0331,t1,i_ILROfferMax,2.667, 
TP5,HAM0331,t1,i_ILROfferPrice,0.01, 
TP5,HIN0331,t1,i_ILROfferMax,0.5, 
TP5,HIN0331,t1,i_ILROfferPrice,0, 
TP5,ISL0331,t1,i_ILROfferMax,0, 
TP5,ISL0331,t1,i_ILROfferPrice,0, 
TP5,KAW0111,t1,i_ILROfferMax,6, 
TP5,KAW0111,t1,i_ILROfferPrice,600, 
TP5,KAW0113,t1,i_ILROfferMax,64, 
TP5,KAW0113,t1,i_ILROfferPrice,0, 
TP5,KIN0331,t1,i_ILROfferMax,0.3, 
TP5,KIN0331,t1,i_ILROfferPrice,0, 
TP5,KPU0661,t1,i_ILROfferMax,0.3, 
TP5,KPU0661,t1,i_ILROfferPrice,0, 
TP5,MPE1101,t1,i_ILROfferMax,0, 
TP5,MPE1101,t1,i_ILROfferPrice,0, 
TP5,PEN0331,t1,i_ILROfferMax,5.3, 
TP5,PEN0331,t1,i_ILROfferPrice,0.01, 
TP5,PEN0331,t2,i_ILROfferMax,2.7, 
TP5,PEN0331,t2,i_ILROfferPrice,0.45, 
TP5,PEN0331,t3,i_ILROfferMax,2.7, 
TP5,PEN0331,t3,i_ILROfferPrice,2.95, 
TP5,PRM0331,t1,i_ILROfferMax,55, 
TP5,PRM0331,t1,i_ILROfferPrice,0, 
TP5,PRM0331,t2,i_ILROfferMax,73.691, 
TP5,PRM0331,t2,i_ILROfferPrice,0.02, 
TP5,WGN0331,t1,i_ILROfferMax,0, 
TP5,WGN0331,t1,i_ILROfferPrice,0.1, 
TP5,WHI0111,t1,i_ILROfferMax,30, 
TP5,WHI0111,t1,i_ILROfferPrice,0, 
TP5,WHU0331,t1,i_ILROfferMax,0.3, 
TP5,WHU0331,t1,i_ILROfferPrice,0, 
TP5,WKO0331,t1,i_ILROfferMax,0.2, 
TP5,WKO0331,t1,i_ILROfferPrice,0, 
TP6,BOB1101,t1,i_ILROfferMax,2.433, 
TP6,BOB1101,t1,i_ILROfferPrice,0, 
TP6,CPK0331,t1,i_ILROfferMax,1.385, 
TP6,CPK0331,t1,i_ILROfferPrice,0.01, 
TP6,CPK0331,t2,i_ILROfferMax,0.8, 
TP6,CPK0331,t2,i_ILROfferPrice,5.15, 
TP6,CPK0331,t3,i_ILROfferMax,0.6, 
TP6,CPK0331,t3,i_ILROfferPrice,10.29, 
TP6,HAM0331,t1,i_ILROfferMax,2.667, 
TP6,HAM0331,t1,i_ILROfferPrice,0.01, 
TP6,HIN0331,t1,i_ILROfferMax,0.5, 
TP6,HIN0331,t1,i_ILROfferPrice,0, 
TP6,ISL0331,t1,i_ILROfferMax,0, 
TP6,ISL0331,t1,i_ILROfferPrice,0, 
TP6,KAW0111,t1,i_ILROfferMax,6, 
TP6,KAW0111,t1,i_ILROfferPrice,600, 
TP6,KAW0113,t1,i_ILROfferMax,64, 
TP6,KAW0113,t1,i_ILROfferPrice,0, 
TP6,KIN0331,t1,i_ILROfferMax,0.3, 
TP6,KIN0331,t1,i_ILROfferPrice,0, 
TP6,KPU0661,t1,i_ILROfferMax,0.2, 
TP6,KPU0661,t1,i_ILROfferPrice,0, 
TP6,MPE1101,t1,i_ILROfferMax,0, 
TP6,MPE1101,t1,i_ILROfferPrice,0, 
TP6,PEN0331,t1,i_ILROfferMax,4.85, 
TP6,PEN0331,t1,i_ILROfferPrice,0.01, 
TP6,PEN0331,t2,i_ILROfferMax,2.4, 
TP6,PEN0331,t2,i_ILROfferPrice,0.45, 
TP6,PEN0331,t3,i_ILROfferMax,2.4, 
TP6,PEN0331,t3,i_ILROfferPrice,2.95, 
TP6,PRM0331,t1,i_ILROfferMax,55, 
TP6,PRM0331,t1,i_ILROfferPrice,0, 
TP6,PRM0331,t2,i_ILROfferMax,73.481, 
TP6,PRM0331,t2,i_ILROfferPrice,0.02, 
TP6,WGN0331,t1,i_ILROfferMax,0, 
TP6,WGN0331,t1,i_ILROfferPrice,0.1, 
TP6,WHI0111,t1,i_ILROfferMax,30, 
TP6,WHI0111,t1,i_ILROfferPrice,0, 
TP6,WHU0331,t1,i_ILROfferMax,0.2, 
TP6,WHU0331,t1,i_ILROfferPrice,0, 
TP6,WKO0331,t1,i_ILROfferMax,0.2, 
TP6,WKO0331,t1,i_ILROfferPrice,0, 
TP7,BOB1101,t1,i_ILROfferMax,2.61, 
TP7,BOB1101,t1,i_ILROfferPrice,0, 
TP7,CPK0331,t1,i_ILROfferMax,1.23, 
TP7,CPK0331,t1,i_ILROfferPrice,0.01, 
TP7,CPK0331,t2,i_ILROfferMax,0.7, 
TP7,CPK0331,t2,i_ILROfferPrice,5.15, 
TP7,CPK0331,t3,i_ILROfferMax,0.5, 
TP7,CPK0331,t3,i_ILROfferPrice,10.29, 
TP7,HAM0331,t1,i_ILROfferMax,2.667, 
TP7,HAM0331,t1,i_ILROfferPrice,0.01, 
TP7,HIN0331,t1,i_ILROfferMax,0.5, 
TP7,HIN0331,t1,i_ILROfferPrice,0, 
TP7,ISL0331,t1,i_ILROfferMax,0, 
TP7,ISL0331,t1,i_ILROfferPrice,0, 
TP7,KAW0111,t1,i_ILROfferMax,6, 
TP7,KAW0111,t1,i_ILROfferPrice,600, 
TP7,KAW0113,t1,i_ILROfferMax,64, 
TP7,KAW0113,t1,i_ILROfferPrice,0, 
TP7,KIN0331,t1,i_ILROfferMax,0.2, 
TP7,KIN0331,t1,i_ILROfferPrice,0, 
TP7,KPU0661,t1,i_ILROfferMax,0.2, 
TP7,KPU0661,t1,i_ILROfferPrice,0, 
TP7,MPE1101,t1,i_ILROfferMax,0, 
TP7,MPE1101,t1,i_ILROfferPrice,0, 
TP7,PEN0331,t1,i_ILROfferMax,5, 
TP7,PEN0331,t1,i_ILROfferPrice,0.01, 
TP7,PEN0331,t2,i_ILROfferMax,2.5, 
TP7,PEN0331,t2,i_ILROfferPrice,0.45, 
TP7,PEN0331,t3,i_ILROfferMax,2.5, 
TP7,PEN0331,t3,i_ILROfferPrice,2.95, 
TP7,PRM0331,t1,i_ILROfferMax,55, 
TP7,PRM0331,t1,i_ILROfferPrice,0, 
TP7,PRM0331,t2,i_ILROfferMax,72.797, 
TP7,PRM0331,t2,i_ILROfferPrice,0.02, 
TP7,WGN0331,t1,i_ILROfferMax,0, 
TP7,WGN0331,t1,i_ILROfferPrice,0.1, 
TP7,WHI0111,t1,i_ILROfferMax,30, 
TP7,WHI0111,t1,i_ILROfferPrice,0, 
TP7,WHU0331,t1,i_ILROfferMax,0.2, 
TP7,WHU0331,t1,i_ILROfferPrice,0, 
TP7,WKO0331,t1,i_ILROfferMax,0.2, 
TP7,WKO0331,t1,i_ILROfferPrice,0, 
TP8,BOB1101,t1,i_ILROfferMax,2.905, 
TP8,BOB1101,t1,i_ILROfferPrice,0, 
TP8,CPK0331,t1,i_ILROfferMax,1.203, 
TP8,CPK0331,t1,i_ILROfferPrice,0.01, 
TP8,CPK0331,t2,i_ILROfferMax,0.7, 
TP8,CPK0331,t2,i_ILROfferPrice,5.15, 
TP8,CPK0331,t3,i_ILROfferMax,0.5, 
TP8,CPK0331,t3,i_ILROfferPrice,10.29, 
TP8,HAM0331,t1,i_ILROfferMax,2.667, 
TP8,HAM0331,t1,i_ILROfferPrice,0.01, 
TP8,HIN0331,t1,i_ILROfferMax,0.5, 
TP8,HIN0331,t1,i_ILROfferPrice,0, 
TP8,ISL0331,t1,i_ILROfferMax,0, 
TP8,ISL0331,t1,i_ILROfferPrice,0, 
TP8,KAW0111,t1,i_ILROfferMax,6, 
TP8,KAW0111,t1,i_ILROfferPrice,600, 
TP8,KAW0113,t1,i_ILROfferMax,64, 
TP8,KAW0113,t1,i_ILROfferPrice,0, 
TP8,KIN0331,t1,i_ILROfferMax,0.2, 
TP8,KIN0331,t1,i_ILROfferPrice,0, 
TP8,KPU0661,t1,i_ILROfferMax,0.2, 
TP8,KPU0661,t1,i_ILROfferPrice,0, 
TP8,MPE1101,t1,i_ILROfferMax,0, 
TP8,MPE1101,t1,i_ILROfferPrice,0, 
TP8,PEN0331,t1,i_ILROfferMax,5.3, 
TP8,PEN0331,t1,i_ILROfferPrice,0.01, 
TP8,PEN0331,t2,i_ILROfferMax,2.7, 
TP8,PEN0331,t2,i_ILROfferPrice,0.45, 
TP8,PEN0331,t3,i_ILROfferMax,2.7, 
TP8,PEN0331,t3,i_ILROfferPrice,2.95, 
TP8,PRM0331,t1,i_ILROfferMax,55, 
TP8,PRM0331,t1,i_ILROfferPrice,0, 
TP8,PRM0331,t2,i_ILROfferMax,72.201, 
TP8,PRM0331,t2,i_ILROfferPrice,0.02, 
TP8,WGN0331,t1,i_ILROfferMax,0, 
TP8,WGN0331,t1,i_ILROfferPrice,0.1, 
TP8,WHI0111,t1,i_ILROfferMax,30, 
TP8,WHI0111,t1,i_ILROfferPrice,0, 
TP8,WHU0331,t1,i_ILROfferMax,0.3, 
TP8,WHU0331,t1,i_ILROfferPrice,0, 
TP8,WKO0331,t1,i_ILROfferMax,0.2, 
TP8,WKO0331,t1,i_ILROfferPrice,0, 
TP9,BOB1101,t1,i_ILROfferMax,3.2, 
TP9,BOB1101,t1,i_ILROfferPrice,0, 
TP9,CPK0331,t1,i_ILROfferMax,1.176, 
TP9,CPK0331,t1,i_ILROfferPrice,0.01, 
TP9,CPK0331,t2,i_ILROfferMax,0.7, 
TP9,CPK0331,t2,i_ILROfferPrice,5.15, 
TP9,CPK0331,t3,i_ILROfferMax,0.5, 
TP9,CPK0331,t3,i_ILROfferPrice,10.29, 
TP9,HAM0331,t1,i_ILROfferMax,2.815, 
TP9,HAM0331,t1,i_ILROfferPrice,0.01, 
TP9,HIN0331,t1,i_ILROfferMax,0.5, 
TP9,HIN0331,t1,i_ILROfferPrice,0, 
TP9,ISL0331,t1,i_ILROfferMax,0, 
TP9,ISL0331,t1,i_ILROfferPrice,0, 
TP9,KAW0111,t1,i_ILROfferMax,6, 
TP9,KAW0111,t1,i_ILROfferPrice,600, 
TP9,KAW0113,t1,i_ILROfferMax,64, 
TP9,KAW0113,t1,i_ILROfferPrice,0, 
TP9,KIN0331,t1,i_ILROfferMax,0.4, 
TP9,KIN0331,t1,i_ILROfferPrice,0, 
TP9,KPU0661,t1,i_ILROfferMax,0.2, 
TP9,KPU0661,t1,i_ILROfferPrice,0, 
TP9,MPE1101,t1,i_ILROfferMax,0, 
TP9,MPE1101,t1,i_ILROfferPrice,0, 
TP9,PEN0331,t1,i_ILROfferMax,5.8, 
TP9,PEN0331,t1,i_ILROfferPrice,0.01, 
TP9,PEN0331,t2,i_ILROfferMax,2.9, 
TP9,PEN0331,t2,i_ILROfferPrice,0.45, 
TP9,PEN0331,t3,i_ILROfferMax,2.9, 
TP9,PEN0331,t3,i_ILROfferPrice,2.95, 
TP9,PRM0331,t1,i_ILROfferMax,55, 
TP9,PRM0331,t1,i_ILROfferPrice,0, 
TP9,PRM0331,t2,i_ILROfferMax,72.815, 
TP9,PRM0331,t2,i_ILROfferPrice,0.02, 
TP9,WGN0331,t1,i_ILROfferMax,0, 
TP9,WGN0331,t1,i_ILROfferPrice,0.1, 
TP9,WHI0111,t1,i_ILROfferMax,30, 
TP9,WHI0111,t1,i_ILROfferPrice,0, 
TP9,WHU0331,t1,i_ILROfferMax,0.3, 
TP9,WHU0331,t1,i_ILROfferPrice,0, 
TP9,WKO0331,t1,i_ILROfferMax,0.2, 
TP9,WKO0331,t1,i_ILROfferPrice,0, 
TP10,BOB1101,t1,i_ILROfferMax,3.494, 
TP10,BOB1101,t1,i_ILROfferPrice,0, 
TP10,CPK0331,t1,i_ILROfferMax,1.089, 
TP10,CPK0331,t1,i_ILROfferPrice,0.01, 
TP10,CPK0331,t2,i_ILROfferMax,0.7, 
TP10,CPK0331,t2,i_ILROfferPrice,5.15, 
TP10,CPK0331,t3,i_ILROfferMax,0.4, 
TP10,CPK0331,t3,i_ILROfferPrice,10.29, 
TP10,HAM0331,t1,i_ILROfferMax,3.228, 
TP10,HAM0331,t1,i_ILROfferPrice,0.01, 
TP10,HIN0331,t1,i_ILROfferMax,0.5, 
TP10,HIN0331,t1,i_ILROfferPrice,0, 
TP10,ISL0331,t1,i_ILROfferMax,0, 
TP10,ISL0331,t1,i_ILROfferPrice,0, 
TP10,KAW0111,t1,i_ILROfferMax,6, 
TP10,KAW0111,t1,i_ILROfferPrice,600, 
TP10,KAW0113,t1,i_ILROfferMax,64, 
TP10,KAW0113,t1,i_ILROfferPrice,0, 
TP10,KIN0331,t1,i_ILROfferMax,0.4, 
TP10,KIN0331,t1,i_ILROfferPrice,0, 
TP10,KPU0661,t1,i_ILROfferMax,0.2, 
TP10,KPU0661,t1,i_ILROfferPrice,0, 
TP10,MPE1101,t1,i_ILROfferMax,0, 
TP10,MPE1101,t1,i_ILROfferPrice,0, 
TP10,PEN0331,t1,i_ILROfferMax,6.35, 
TP10,PEN0331,t1,i_ILROfferPrice,0.01, 
TP10,PEN0331,t2,i_ILROfferMax,3.2, 
TP10,PEN0331,t2,i_ILROfferPrice,0.45, 
TP10,PEN0331,t3,i_ILROfferMax,3.2, 
TP10,PEN0331,t3,i_ILROfferPrice,2.95, 
TP10,PRM0331,t1,i_ILROfferMax,55, 
TP10,PRM0331,t1,i_ILROfferPrice,0, 
TP10,PRM0331,t2,i_ILROfferMax,72.74, 
TP10,PRM0331,t2,i_ILROfferPrice,0.02, 
TP10,WGN0331,t1,i_ILROfferMax,0, 
TP10,WGN0331,t1,i_ILROfferPrice,0.1, 
TP10,WHI0111,t1,i_ILROfferMax,30, 
TP10,WHI0111,t1,i_ILROfferPrice,0, 
TP10,WHU0331,t1,i_ILROfferMax,0.3, 
TP10,WHU0331,t1,i_ILROfferPrice,0, 
TP10,WKO0331,t1,i_ILROfferMax,0.2, 
TP10,WKO0331,t1,i_ILROfferPrice,0, 
TP11,BOB1101,t1,i_ILROfferMax,3.789, 
TP11,BOB1101,t1,i_ILROfferPrice,0, 
TP11,CPK0331,t1,i_ILROfferMax,1.002, 
TP11,CPK0331,t1,i_ILROfferPrice,0.01, 
TP11,CPK0331,t2,i_ILROfferMax,0.6, 
TP11,CPK0331,t2,i_ILROfferPrice,5.15, 
TP11,CPK0331,t3,i_ILROfferMax,0.4, 
TP11,CPK0331,t3,i_ILROfferPrice,10.29, 
TP11,HAM0331,t1,i_ILROfferMax,4.046, 
TP11,HAM0331,t1,i_ILROfferPrice,0.01, 
TP11,HIN0331,t1,i_ILROfferMax,0.5, 
TP11,HIN0331,t1,i_ILROfferPrice,0, 
TP11,ISL0331,t1,i_ILROfferMax,0, 
TP11,ISL0331,t1,i_ILROfferPrice,0, 
TP11,KAW0111,t1,i_ILROfferMax,6, 
TP11,KAW0111,t1,i_ILROfferPrice,600, 
TP11,KAW0113,t1,i_ILROfferMax,64, 
TP11,KAW0113,t1,i_ILROfferPrice,0, 
TP11,KIN0331,t1,i_ILROfferMax,0.4, 
TP11,KIN0331,t1,i_ILROfferPrice,0, 
TP11,KPU0661,t1,i_ILROfferMax,0.2, 
TP11,KPU0661,t1,i_ILROfferPrice,0, 
TP11,MPE1101,t1,i_ILROfferMax,0, 
TP11,MPE1101,t1,i_ILROfferPrice,0, 
TP11,PEN0331,t1,i_ILROfferMax,6.8, 
TP11,PEN0331,t1,i_ILROfferPrice,0.01, 
TP11,PEN0331,t2,i_ILROfferMax,3.4, 
TP11,PEN0331,t2,i_ILROfferPrice,0.45, 
TP11,PEN0331,t3,i_ILROfferMax,3.4, 
TP11,PEN0331,t3,i_ILROfferPrice,2.95, 
TP11,PRM0331,t1,i_ILROfferMax,55, 
TP11,PRM0331,t1,i_ILROfferPrice,0, 
TP11,PRM0331,t2,i_ILROfferMax,72.441, 
TP11,PRM0331,t2,i_ILROfferPrice,0.02, 
TP11,WGN0331,t1,i_ILROfferMax,0, 
TP11,WGN0331,t1,i_ILROfferPrice,0.1, 
TP11,WHI0111,t1,i_ILROfferMax,30, 
TP11,WHI0111,t1,i_ILROfferPrice,0, 
TP11,WHU0331,t1,i_ILROfferMax,0.3, 
TP11,WHU0331,t1,i_ILROfferPrice,0, 
TP11,WKO0331,t1,i_ILROfferMax,0.2, 
TP11,WKO0331,t1,i_ILROfferPrice,0, 
TP12,BOB1101,t1,i_ILROfferMax,4.084, 
TP12,BOB1101,t1,i_ILROfferPrice,0, 
TP12,CPK0331,t1,i_ILROfferMax,1.615, 
TP12,CPK0331,t1,i_ILROfferPrice,0.01, 
TP12,CPK0331,t2,i_ILROfferMax,1, 
TP12,CPK0331,t2,i_ILROfferPrice,5.15, 
TP12,CPK0331,t3,i_ILROfferMax,0.6, 
TP12,CPK0331,t3,i_ILROfferPrice,10.29, 
TP12,HAM0331,t1,i_ILROfferMax,4.819, 
TP12,HAM0331,t1,i_ILROfferPrice,0.01, 
TP12,HIN0331,t1,i_ILROfferMax,0.5, 
TP12,HIN0331,t1,i_ILROfferPrice,0, 
TP12,ISL0331,t1,i_ILROfferMax,0, 
TP12,ISL0331,t1,i_ILROfferPrice,0, 
TP12,KAW0111,t1,i_ILROfferMax,6, 
TP12,KAW0111,t1,i_ILROfferPrice,600, 
TP12,KAW0113,t1,i_ILROfferMax,64, 
TP12,KAW0113,t1,i_ILROfferPrice,0, 
TP12,KIN0331,t1,i_ILROfferMax,0.4, 
TP12,KIN0331,t1,i_ILROfferPrice,0, 
TP12,KPU0661,t1,i_ILROfferMax,0.2, 
TP12,KPU0661,t1,i_ILROfferPrice,0, 
TP12,MPE1101,t1,i_ILROfferMax,0, 
TP12,MPE1101,t1,i_ILROfferPrice,0, 
TP12,PEN0331,t1,i_ILROfferMax,7.25, 
TP12,PEN0331,t1,i_ILROfferPrice,0.01, 
TP12,PEN0331,t2,i_ILROfferMax,3.6, 
TP12,PEN0331,t2,i_ILROfferPrice,0.45, 
TP12,PEN0331,t3,i_ILROfferMax,3.6, 
TP12,PEN0331,t3,i_ILROfferPrice,2.95, 
TP12,PRM0331,t1,i_ILROfferMax,55, 
TP12,PRM0331,t1,i_ILROfferPrice,0, 
TP12,PRM0331,t2,i_ILROfferMax,73.278, 
TP12,PRM0331,t2,i_ILROfferPrice,0.02, 
TP12,WGN0331,t1,i_ILROfferMax,0, 
TP12,WGN0331,t1,i_ILROfferPrice,0.1, 
TP12,WHI0111,t1,i_ILROfferMax,30, 
TP12,WHI0111,t1,i_ILROfferPrice,0, 
TP12,WHU0331,t1,i_ILROfferMax,0.3, 
TP12,WHU0331,t1,i_ILROfferPrice,0, 
TP12,WKO0331,t1,i_ILROfferMax,0.2, 
TP12,WKO0331,t1,i_ILROfferPrice,0, 
TP13,BOB1101,t1,i_ILROfferMax,4.379, 
TP13,BOB1101,t1,i_ILROfferPrice,0, 
TP13,CPK0331,t1,i_ILROfferMax,2.228, 
TP13,CPK0331,t1,i_ILROfferPrice,0.01, 
TP13,CPK0331,t2,i_ILROfferMax,1.3, 
TP13,CPK0331,t2,i_ILROfferPrice,5.15, 
TP13,CPK0331,t3,i_ILROfferMax,0.9, 
TP13,CPK0331,t3,i_ILROfferPrice,10.29, 
TP13,HAM0331,t1,i_ILROfferMax,5.228, 
TP13,HAM0331,t1,i_ILROfferPrice,0.01, 
TP13,HIN0331,t1,i_ILROfferMax,1, 
TP13,HIN0331,t1,i_ILROfferPrice,0, 
TP13,ISL0331,t1,i_ILROfferMax,0, 
TP13,ISL0331,t1,i_ILROfferPrice,0, 
TP13,KAW0111,t1,i_ILROfferMax,6, 
TP13,KAW0111,t1,i_ILROfferPrice,600, 
TP13,KAW0113,t1,i_ILROfferMax,64, 
TP13,KAW0113,t1,i_ILROfferPrice,0, 
TP13,KIN0331,t1,i_ILROfferMax,0.5, 
TP13,KIN0331,t1,i_ILROfferPrice,0, 
TP13,KPU0661,t1,i_ILROfferMax,0.6, 
TP13,KPU0661,t1,i_ILROfferPrice,0, 
TP13,MPE1101,t1,i_ILROfferMax,3, 
TP13,MPE1101,t1,i_ILROfferPrice,0, 
TP13,PEN0331,t1,i_ILROfferMax,10.5, 
TP13,PEN0331,t1,i_ILROfferPrice,0.01, 
TP13,PEN0331,t2,i_ILROfferMax,5.3, 
TP13,PEN0331,t2,i_ILROfferPrice,0.45, 
TP13,PEN0331,t3,i_ILROfferMax,5.3, 
TP13,PEN0331,t3,i_ILROfferPrice,2.95, 
TP13,PRM0331,t1,i_ILROfferMax,55, 
TP13,PRM0331,t1,i_ILROfferPrice,0, 
TP13,PRM0331,t2,i_ILROfferMax,66.502, 
TP13,PRM0331,t2,i_ILROfferPrice,0.02, 
TP13,WGN0331,t1,i_ILROfferMax,0, 
TP13,WGN0331,t1,i_ILROfferPrice,0.1, 
TP13,WHI0111,t1,i_ILROfferMax,30, 
TP13,WHI0111,t1,i_ILROfferPrice,0, 
TP13,WHU0331,t1,i_ILROfferMax,0.3, 
TP13,WHU0331,t1,i_ILROfferPrice,0, 
TP13,WKO0331,t1,i_ILROfferMax,0.2, 
TP13,WKO0331,t1,i_ILROfferPrice,0, 
TP14,BOB1101,t1,i_ILROfferMax,0, 
TP14,BOB1101,t1,i_ILROfferPrice,0, 
TP14,CPK0331,t1,i_ILROfferMax,4.337, 
TP14,CPK0331,t1,i_ILROfferPrice,0.01, 
TP14,CPK0331,t2,i_ILROfferMax,2.6, 
TP14,CPK0331,t2,i_ILROfferPrice,5.15, 
TP14,CPK0331,t3,i_ILROfferMax,1.7, 
TP14,CPK0331,t3,i_ILROfferPrice,10.29, 
TP14,HAM0331,t1,i_ILROfferMax,6.448, 
TP14,HAM0331,t1,i_ILROfferPrice,0.01, 
TP14,HIN0331,t1,i_ILROfferMax,1, 
TP14,HIN0331,t1,i_ILROfferPrice,0, 
TP14,ISL0331,t1,i_ILROfferMax,0, 
TP14,ISL0331,t1,i_ILROfferPrice,0, 
TP14,KAW0111,t1,i_ILROfferMax,0, 
TP14,KAW0111,t1,i_ILROfferPrice,600, 
TP14,KAW0113,t1,i_ILROfferMax,31, 
TP14,KAW0113,t1,i_ILROfferPrice,0, 
TP14,KIN0331,t1,i_ILROfferMax,1, 
TP14,KIN0331,t1,i_ILROfferPrice,0, 
TP14,KPU0661,t1,i_ILROfferMax,0.8, 
TP14,KPU0661,t1,i_ILROfferPrice,0, 
TP14,MPE1101,t1,i_ILROfferMax,3, 
TP14,MPE1101,t1,i_ILROfferPrice,0, 
TP14,PEN0331,t1,i_ILROfferMax,0, 
TP14,PEN0331,t1,i_ILROfferPrice,0.01, 
TP14,PRM0331,t1,i_ILROfferMax,55, 
TP14,PRM0331,t1,i_ILROfferPrice,0, 
TP14,PRM0331,t2,i_ILROfferMax,63.849, 
TP14,PRM0331,t2,i_ILROfferPrice,0.02, 
TP14,WGN0331,t1,i_ILROfferMax,0, 
TP14,WGN0331,t1,i_ILROfferPrice,0.1, 
TP14,WHI0111,t1,i_ILROfferMax,30, 
TP14,WHI0111,t1,i_ILROfferPrice,0, 
TP14,WHU0331,t1,i_ILROfferMax,0.4, 
TP14,WHU0331,t1,i_ILROfferPrice,0, 
TP14,WKO0331,t1,i_ILROfferMax,0.4, 
TP14,WKO0331,t1,i_ILROfferPrice,0, 
TP15,BOB1101,t1,i_ILROfferMax,0, 
TP15,BOB1101,t1,i_ILROfferPrice,0, 
TP15,CPK0331,t1,i_ILROfferMax,6.445, 
TP15,CPK0331,t1,i_ILROfferPrice,0.01, 
TP15,CPK0331,t2,i_ILROfferMax,3.9, 
TP15,CPK0331,t2,i_ILROfferPrice,5.15, 
TP15,CPK0331,t3,i_ILROfferMax,2.6, 
TP15,CPK0331,t3,i_ILROfferPrice,10.29, 
TP15,HAM0331,t1,i_ILROfferMax,4.694, 
TP15,HAM0331,t1,i_ILROfferPrice,0.01, 
TP15,HIN0331,t1,i_ILROfferMax,1.5, 
TP15,HIN0331,t1,i_ILROfferPrice,0, 
TP15,ISL0331,t1,i_ILROfferMax,0, 
TP15,ISL0331,t1,i_ILROfferPrice,0, 
TP15,KAW0111,t1,i_ILROfferMax,0, 
TP15,KAW0111,t1,i_ILROfferPrice,600, 
TP15,KAW0113,t1,i_ILROfferMax,0, 
TP15,KAW0113,t1,i_ILROfferPrice,0, 
TP15,KIN0331,t1,i_ILROfferMax,1, 
TP15,KIN0331,t1,i_ILROfferPrice,0, 
TP15,KPU0661,t1,i_ILROfferMax,0.8, 
TP15,KPU0661,t1,i_ILROfferPrice,0, 
TP15,MPE1101,t1,i_ILROfferMax,3, 
TP15,MPE1101,t1,i_ILROfferPrice,0, 
TP15,PEN0331,t1,i_ILROfferMax,0, 
TP15,PEN0331,t1,i_ILROfferPrice,0.01, 
TP15,PRM0331,t1,i_ILROfferMax,55, 
TP15,PRM0331,t1,i_ILROfferPrice,0, 
TP15,PRM0331,t2,i_ILROfferMax,65.244, 
TP15,PRM0331,t2,i_ILROfferPrice,0.02, 
TP15,WGN0331,t1,i_ILROfferMax,0, 
TP15,WGN0331,t1,i_ILROfferPrice,0.1, 
TP15,WHI0111,t1,i_ILROfferMax,30, 
TP15,WHI0111,t1,i_ILROfferPrice,0, 
TP15,WHU0331,t1,i_ILROfferMax,0.8, 
TP15,WHU0331,t1,i_ILROfferPrice,0, 
TP15,WKO0331,t1,i_ILROfferMax,0.5, 
TP15,WKO0331,t1,i_ILROfferPrice,0, 
TP16,BOB1101,t1,i_ILROfferMax,0, 
TP16,BOB1101,t1,i_ILROfferPrice,0, 
TP16,CPK0331,t1,i_ILROfferMax,8.464, 
TP16,CPK0331,t1,i_ILROfferPrice,0.01, 
TP16,CPK0331,t2,i_ILROfferMax,5.1, 
TP16,CPK0331,t2,i_ILROfferPrice,5.15, 
TP16,CPK0331,t3,i_ILROfferMax,3.4, 
TP16,CPK0331,t3,i_ILROfferPrice,10.29, 
TP16,HAM0331,t1,i_ILROfferMax,0, 
TP16,HAM0331,t1,i_ILROfferPrice,0.01, 
TP16,HIN0331,t1,i_ILROfferMax,2, 
TP16,HIN0331,t1,i_ILROfferPrice,0, 
TP16,ISL0331,t1,i_ILROfferMax,0, 
TP16,ISL0331,t1,i_ILROfferPrice,0, 
TP16,KAW0111,t1,i_ILROfferMax,0, 
TP16,KAW0111,t1,i_ILROfferPrice,600, 
TP16,KAW0113,t1,i_ILROfferMax,0, 
TP16,KAW0113,t1,i_ILROfferPrice,0, 
TP16,KIN0331,t1,i_ILROfferMax,1, 
TP16,KIN0331,t1,i_ILROfferPrice,0, 
TP16,KPU0661,t1,i_ILROfferMax,1.5, 
TP16,KPU0661,t1,i_ILROfferPrice,0, 
TP16,MPE1101,t1,i_ILROfferMax,3, 
TP16,MPE1101,t1,i_ILROfferPrice,0, 
TP16,PEN0331,t1,i_ILROfferMax,0, 
TP16,PEN0331,t1,i_ILROfferPrice,0.01, 
TP16,PRM0331,t1,i_ILROfferMax,45, 
TP16,PRM0331,t1,i_ILROfferPrice,0, 
TP16,PRM0331,t2,i_ILROfferMax,32.729, 
TP16,PRM0331,t2,i_ILROfferPrice,0.02, 
TP16,WGN0331,t1,i_ILROfferMax,0, 
TP16,WGN0331,t1,i_ILROfferPrice,0.1, 
TP16,WHI0111,t1,i_ILROfferMax,0, 
TP16,WHI0111,t1,i_ILROfferPrice,0, 
TP16,WHU0331,t1,i_ILROfferMax,1, 
TP16,WHU0331,t1,i_ILROfferPrice,0, 
TP16,WKO0331,t1,i_ILROfferMax,1.5, 
TP16,WKO0331,t1,i_ILROfferPrice,0, 
TP17,BOB1101,t1,i_ILROfferMax,0, 
TP17,BOB1101,t1,i_ILROfferPrice,0, 
TP17,CPK0331,t1,i_ILROfferMax,10.483, 
TP17,CPK0331,t1,i_ILROfferPrice,0.01, 
TP17,CPK0331,t2,i_ILROfferMax,6.3, 
TP17,CPK0331,t2,i_ILROfferPrice,5.15, 
TP17,CPK0331,t3,i_ILROfferMax,4.2, 
TP17,CPK0331,t3,i_ILROfferPrice,10.29, 
TP17,HAM0331,t1,i_ILROfferMax,0, 
TP17,HAM0331,t1,i_ILROfferPrice,0.01, 
TP17,HIN0331,t1,i_ILROfferMax,2.5, 
TP17,HIN0331,t1,i_ILROfferPrice,0, 
TP17,ISL0331,t1,i_ILROfferMax,0, 
TP17,ISL0331,t1,i_ILROfferPrice,0, 
TP17,KAW0111,t1,i_ILROfferMax,0, 
TP17,KAW0111,t1,i_ILROfferPrice,600, 
TP17,KAW0113,t1,i_ILROfferMax,0, 
TP17,KAW0113,t1,i_ILROfferPrice,0, 
TP17,KIN0331,t1,i_ILROfferMax,1, 
TP17,KIN0331,t1,i_ILROfferPrice,0, 
TP17,KPU0661,t1,i_ILROfferMax,1.5, 
TP17,KPU0661,t1,i_ILROfferPrice,0, 
TP17,MPE1101,t1,i_ILROfferMax,3, 
TP17,MPE1101,t1,i_ILROfferPrice,0, 
TP17,PEN0331,t1,i_ILROfferMax,0, 
TP17,PEN0331,t1,i_ILROfferPrice,0.01, 
TP17,PRM0331,t1,i_ILROfferMax,45, 
TP17,PRM0331,t1,i_ILROfferPrice,0, 
TP17,PRM0331,t2,i_ILROfferMax,16.669, 
TP17,PRM0331,t2,i_ILROfferPrice,0.02, 
TP17,WGN0331,t1,i_ILROfferMax,0, 
TP17,WGN0331,t1,i_ILROfferPrice,0.1, 
TP17,WHI0111,t1,i_ILROfferMax,0, 
TP17,WHI0111,t1,i_ILROfferPrice,0, 
TP17,WHU0331,t1,i_ILROfferMax,1, 
TP17,WHU0331,t1,i_ILROfferPrice,0, 
TP17,WKO0331,t1,i_ILROfferMax,1.9, 
TP17,WKO0331,t1,i_ILROfferPrice,0, 
TP18,BOB1101,t1,i_ILROfferMax,0, 
TP18,BOB1101,t1,i_ILROfferPrice,0, 
TP18,CPK0331,t1,i_ILROfferMax,9.345, 
TP18,CPK0331,t1,i_ILROfferPrice,0.01, 
TP18,CPK0331,t2,i_ILROfferMax,5.6, 
TP18,CPK0331,t2,i_ILROfferPrice,5.15, 
TP18,CPK0331,t3,i_ILROfferMax,3.7, 
TP18,CPK0331,t3,i_ILROfferPrice,10.29, 
TP18,HAM0331,t1,i_ILROfferMax,0, 
TP18,HAM0331,t1,i_ILROfferPrice,0.01, 
TP18,HIN0331,t1,i_ILROfferMax,2.5, 
TP18,HIN0331,t1,i_ILROfferPrice,0, 
TP18,ISL0331,t1,i_ILROfferMax,0, 
TP18,ISL0331,t1,i_ILROfferPrice,0, 
TP18,KAW0111,t1,i_ILROfferMax,0, 
TP18,KAW0111,t1,i_ILROfferPrice,600, 
TP18,KAW0113,t1,i_ILROfferMax,0, 
TP18,KAW0113,t1,i_ILROfferPrice,0, 
TP18,KIN0331,t1,i_ILROfferMax,1, 
TP18,KIN0331,t1,i_ILROfferPrice,0, 
TP18,KPU0661,t1,i_ILROfferMax,1.5, 
TP18,KPU0661,t1,i_ILROfferPrice,0, 
TP18,MPE1101,t1,i_ILROfferMax,3, 
TP18,MPE1101,t1,i_ILROfferPrice,0, 
TP18,PEN0331,t1,i_ILROfferMax,0, 
TP18,PEN0331,t1,i_ILROfferPrice,0.01, 
TP18,PRM0331,t1,i_ILROfferMax,45, 
TP18,PRM0331,t1,i_ILROfferPrice,0, 
TP18,PRM0331,t2,i_ILROfferMax,18.923, 
TP18,PRM0331,t2,i_ILROfferPrice,0.02, 
TP18,WGN0331,t1,i_ILROfferMax,0, 
TP18,WGN0331,t1,i_ILROfferPrice,0.1, 
TP18,WHI0111,t1,i_ILROfferMax,0, 
TP18,WHI0111,t1,i_ILROfferPrice,0, 
TP18,WHU0331,t1,i_ILROfferMax,1, 
TP18,WHU0331,t1,i_ILROfferPrice,0, 
TP18,WKO0331,t1,i_ILROfferMax,1.9, 
TP18,WKO0331,t1,i_ILROfferPrice,0, 
TP19,BOB1101,t1,i_ILROfferMax,7.41, 
TP19,BOB1101,t1,i_ILROfferPrice,0, 
TP19,CPK0331,t1,i_ILROfferMax,8.65, 
TP19,CPK0331,t1,i_ILROfferPrice,0.01, 
TP19,CPK0331,t2,i_ILROfferMax,5.2, 
TP19,CPK0331,t2,i_ILROfferPrice,5.15, 
TP19,CPK0331,t3,i_ILROfferMax,3.5, 
TP19,CPK0331,t3,i_ILROfferPrice,10.29, 
TP19,HAM0331,t1,i_ILROfferMax,4.657, 
TP19,HAM0331,t1,i_ILROfferPrice,0.01, 
TP19,HIN0331,t1,i_ILROfferMax,2.5, 
TP19,HIN0331,t1,i_ILROfferPrice,0, 
TP19,ISL0331,t1,i_ILROfferMax,0, 
TP19,ISL0331,t1,i_ILROfferPrice,0, 
TP19,KAW0111,t1,i_ILROfferMax,0, 
TP19,KAW0111,t1,i_ILROfferPrice,600, 
TP19,KAW0113,t1,i_ILROfferMax,0, 
TP19,KAW0113,t1,i_ILROfferPrice,0, 
TP19,KIN0331,t1,i_ILROfferMax,1, 
TP19,KIN0331,t1,i_ILROfferPrice,0, 
TP19,KPU0661,t1,i_ILROfferMax,2, 
TP19,KPU0661,t1,i_ILROfferPrice,0, 
TP19,MPE1101,t1,i_ILROfferMax,3, 
TP19,MPE1101,t1,i_ILROfferPrice,0, 
TP19,PEN0331,t1,i_ILROfferMax,0, 
TP19,PEN0331,t1,i_ILROfferPrice,0.01, 
TP19,PRM0331,t1,i_ILROfferMax,45, 
TP19,PRM0331,t1,i_ILROfferPrice,0, 
TP19,PRM0331,t2,i_ILROfferMax,18.194, 
TP19,PRM0331,t2,i_ILROfferPrice,0.02, 
TP19,WGN0331,t1,i_ILROfferMax,0, 
TP19,WGN0331,t1,i_ILROfferPrice,0.1, 
TP19,WHI0111,t1,i_ILROfferMax,0, 
TP19,WHI0111,t1,i_ILROfferPrice,0, 
TP19,WHU0331,t1,i_ILROfferMax,1, 
TP19,WHU0331,t1,i_ILROfferPrice,0, 
TP19,WKO0331,t1,i_ILROfferMax,2, 
TP19,WKO0331,t1,i_ILROfferPrice,0, 
TP20,BOB1101,t1,i_ILROfferMax,6.86, 
TP20,BOB1101,t1,i_ILROfferPrice,0, 
TP20,CPK0331,t1,i_ILROfferMax,7.357, 
TP20,CPK0331,t1,i_ILROfferPrice,0.01, 
TP20,CPK0331,t2,i_ILROfferMax,4.4, 
TP20,CPK0331,t2,i_ILROfferPrice,5.15, 
TP20,CPK0331,t3,i_ILROfferMax,2.9, 
TP20,CPK0331,t3,i_ILROfferPrice,10.29, 
TP20,HAM0331,t1,i_ILROfferMax,7.956, 
TP20,HAM0331,t1,i_ILROfferPrice,0.01, 
TP20,HIN0331,t1,i_ILROfferMax,2, 
TP20,HIN0331,t1,i_ILROfferPrice,0, 
TP20,ISL0331,t1,i_ILROfferMax,0, 
TP20,ISL0331,t1,i_ILROfferPrice,0, 
TP20,KAW0111,t1,i_ILROfferMax,0, 
TP20,KAW0111,t1,i_ILROfferPrice,600, 
TP20,KAW0113,t1,i_ILROfferMax,0, 
TP20,KAW0113,t1,i_ILROfferPrice,0, 
TP20,KIN0331,t1,i_ILROfferMax,1.2, 
TP20,KIN0331,t1,i_ILROfferPrice,0, 
TP20,KPU0661,t1,i_ILROfferMax,2, 
TP20,KPU0661,t1,i_ILROfferPrice,0, 
TP20,MPE1101,t1,i_ILROfferMax,5, 
TP20,MPE1101,t1,i_ILROfferPrice,0, 
TP20,PEN0331,t1,i_ILROfferMax,0, 
TP20,PEN0331,t1,i_ILROfferPrice,0.01, 
TP20,PRM0331,t1,i_ILROfferMax,55, 
TP20,PRM0331,t1,i_ILROfferPrice,0, 
TP20,PRM0331,t2,i_ILROfferMax,28.041, 
TP20,PRM0331,t2,i_ILROfferPrice,0.02, 
TP20,WGN0331,t1,i_ILROfferMax,0, 
TP20,WGN0331,t1,i_ILROfferPrice,0.1, 
TP20,WHI0111,t1,i_ILROfferMax,0, 
TP20,WHI0111,t1,i_ILROfferPrice,0, 
TP20,WHU0331,t1,i_ILROfferMax,1, 
TP20,WHU0331,t1,i_ILROfferPrice,0, 
TP20,WKO0331,t1,i_ILROfferMax,1.2, 
TP20,WKO0331,t1,i_ILROfferPrice,0, 
TP21,BOB1101,t1,i_ILROfferMax,6.493, 
TP21,BOB1101,t1,i_ILROfferPrice,0, 
TP21,CPK0331,t1,i_ILROfferMax,7.242, 
TP21,CPK0331,t1,i_ILROfferPrice,0.01, 
TP21,CPK0331,t2,i_ILROfferMax,4.3, 
TP21,CPK0331,t2,i_ILROfferPrice,5.15, 
TP21,CPK0331,t3,i_ILROfferMax,2.9, 
TP21,CPK0331,t3,i_ILROfferPrice,10.29, 
TP21,HAM0331,t1,i_ILROfferMax,7.315, 
TP21,HAM0331,t1,i_ILROfferPrice,0.01, 
TP21,HIN0331,t1,i_ILROfferMax,1.8, 
TP21,HIN0331,t1,i_ILROfferPrice,0, 
TP21,ISL0331,t1,i_ILROfferMax,0, 
TP21,ISL0331,t1,i_ILROfferPrice,0, 
TP21,KAW0111,t1,i_ILROfferMax,0, 
TP21,KAW0111,t1,i_ILROfferPrice,600, 
TP21,KAW0113,t1,i_ILROfferMax,0, 
TP21,KAW0113,t1,i_ILROfferPrice,0, 
TP21,KIN0331,t1,i_ILROfferMax,1.2, 
TP21,KIN0331,t1,i_ILROfferPrice,0, 
TP21,KPU0661,t1,i_ILROfferMax,2.5, 
TP21,KPU0661,t1,i_ILROfferPrice,0, 
TP21,MPE1101,t1,i_ILROfferMax,5, 
TP21,MPE1101,t1,i_ILROfferPrice,0, 
TP21,PEN0331,t1,i_ILROfferMax,0, 
TP21,PEN0331,t1,i_ILROfferPrice,0.01, 
TP21,PRM0331,t1,i_ILROfferMax,55, 
TP21,PRM0331,t1,i_ILROfferPrice,0, 
TP21,PRM0331,t2,i_ILROfferMax,43.45, 
TP21,PRM0331,t2,i_ILROfferPrice,0.02, 
TP21,WGN0331,t1,i_ILROfferMax,0, 
TP21,WGN0331,t1,i_ILROfferPrice,0.1, 
TP21,WHI0111,t1,i_ILROfferMax,0, 
TP21,WHI0111,t1,i_ILROfferPrice,0, 
TP21,WHU0331,t1,i_ILROfferMax,1, 
TP21,WHU0331,t1,i_ILROfferPrice,0, 
TP21,WKO0331,t1,i_ILROfferMax,1, 
TP21,WKO0331,t1,i_ILROfferPrice,0, 
TP22,BOB1101,t1,i_ILROfferMax,5.882, 
TP22,BOB1101,t1,i_ILROfferPrice,0, 
TP22,CPK0331,t1,i_ILROfferMax,5.78, 
TP22,CPK0331,t1,i_ILROfferPrice,0.01, 
TP22,CPK0331,t2,i_ILROfferMax,3.5, 
TP22,CPK0331,t2,i_ILROfferPrice,5.15, 
TP22,CPK0331,t3,i_ILROfferMax,2.3, 
TP22,CPK0331,t3,i_ILROfferPrice,10.29, 
TP22,HAM0331,t1,i_ILROfferMax,7.007, 
TP22,HAM0331,t1,i_ILROfferPrice,0.01, 
TP22,HIN0331,t1,i_ILROfferMax,1.6, 
TP22,HIN0331,t1,i_ILROfferPrice,0, 
TP22,ISL0331,t1,i_ILROfferMax,0, 
TP22,ISL0331,t1,i_ILROfferPrice,0, 
TP22,KAW0111,t1,i_ILROfferMax,0, 
TP22,KAW0111,t1,i_ILROfferPrice,600, 
TP22,KAW0113,t1,i_ILROfferMax,0, 
TP22,KAW0113,t1,i_ILROfferPrice,0, 
TP22,KIN0331,t1,i_ILROfferMax,1.1, 
TP22,KIN0331,t1,i_ILROfferPrice,0, 
TP22,KPU0661,t1,i_ILROfferMax,2, 
TP22,KPU0661,t1,i_ILROfferPrice,0, 
TP22,MPE1101,t1,i_ILROfferMax,5, 
TP22,MPE1101,t1,i_ILROfferPrice,0, 
TP22,PEN0331,t1,i_ILROfferMax,0, 
TP22,PEN0331,t1,i_ILROfferPrice,0.01, 
TP22,PRM0331,t1,i_ILROfferMax,55, 
TP22,PRM0331,t1,i_ILROfferPrice,0, 
TP22,PRM0331,t2,i_ILROfferMax,41.085, 
TP22,PRM0331,t2,i_ILROfferPrice,0.02, 
TP22,WGN0331,t1,i_ILROfferMax,0, 
TP22,WGN0331,t1,i_ILROfferPrice,0.1, 
TP22,WHI0111,t1,i_ILROfferMax,30, 
TP22,WHI0111,t1,i_ILROfferPrice,0, 
TP22,WHU0331,t1,i_ILROfferMax,1, 
TP22,WHU0331,t1,i_ILROfferPrice,0, 
TP22,WKO0331,t1,i_ILROfferMax,1, 
TP22,WKO0331,t1,i_ILROfferPrice,0, 
TP23,BOB1101,t1,i_ILROfferMax,5.271, 
TP23,BOB1101,t1,i_ILROfferPrice,0, 
TP23,CPK0331,t1,i_ILROfferMax,5.398, 
TP23,CPK0331,t1,i_ILROfferPrice,0.01, 
TP23,CPK0331,t2,i_ILROfferMax,3.2, 
TP23,CPK0331,t2,i_ILROfferPrice,5.15, 
TP23,CPK0331,t3,i_ILROfferMax,2.2, 
TP23,CPK0331,t3,i_ILROfferPrice,10.29, 
TP23,HAM0331,t1,i_ILROfferMax,6.995, 
TP23,HAM0331,t1,i_ILROfferPrice,0.01, 
TP23,HIN0331,t1,i_ILROfferMax,1.5, 
TP23,HIN0331,t1,i_ILROfferPrice,0, 
TP23,ISL0331,t1,i_ILROfferMax,0, 
TP23,ISL0331,t1,i_ILROfferPrice,0, 
TP23,KAW0111,t1,i_ILROfferMax,0, 
TP23,KAW0111,t1,i_ILROfferPrice,600, 
TP23,KAW0113,t1,i_ILROfferMax,0, 
TP23,KAW0113,t1,i_ILROfferPrice,0, 
TP23,KIN0331,t1,i_ILROfferMax,1, 
TP23,KIN0331,t1,i_ILROfferPrice,0, 
TP23,KPU0661,t1,i_ILROfferMax,2, 
TP23,KPU0661,t1,i_ILROfferPrice,0, 
TP23,MPE1101,t1,i_ILROfferMax,5, 
TP23,MPE1101,t1,i_ILROfferPrice,0, 
TP23,PEN0331,t1,i_ILROfferMax,16.4, 
TP23,PEN0331,t1,i_ILROfferPrice,0.01, 
TP23,PEN0331,t2,i_ILROfferMax,8.2, 
TP23,PEN0331,t2,i_ILROfferPrice,0.45, 
TP23,PEN0331,t3,i_ILROfferMax,8.2, 
TP23,PEN0331,t3,i_ILROfferPrice,2.95, 
TP23,PRM0331,t1,i_ILROfferMax,55, 
TP23,PRM0331,t1,i_ILROfferPrice,0, 
TP23,PRM0331,t2,i_ILROfferMax,39.878, 
TP23,PRM0331,t2,i_ILROfferPrice,0.02, 
TP23,WGN0331,t1,i_ILROfferMax,0, 
TP23,WGN0331,t1,i_ILROfferPrice,0.1, 
TP23,WHI0111,t1,i_ILROfferMax,30, 
TP23,WHI0111,t1,i_ILROfferPrice,0, 
TP23,WHU0331,t1,i_ILROfferMax,1, 
TP23,WHU0331,t1,i_ILROfferPrice,0, 
TP23,WKO0331,t1,i_ILROfferMax,1, 
TP23,WKO0331,t1,i_ILROfferPrice,0, 
TP24,BOB1101,t1,i_ILROfferMax,4.659, 
TP24,BOB1101,t1,i_ILROfferPrice,0, 
TP24,CPK0331,t1,i_ILROfferMax,4.074, 
TP24,CPK0331,t1,i_ILROfferPrice,0.01, 
TP24,CPK0331,t2,i_ILROfferMax,2.4, 
TP24,CPK0331,t2,i_ILROfferPrice,5.15, 
TP24,CPK0331,t3,i_ILROfferMax,1.6, 
TP24,CPK0331,t3,i_ILROfferPrice,10.29, 
TP24,HAM0331,t1,i_ILROfferMax,6.858, 
TP24,HAM0331,t1,i_ILROfferPrice,0.01, 
TP24,HIN0331,t1,i_ILROfferMax,1.5, 
TP24,HIN0331,t1,i_ILROfferPrice,0, 
TP24,ISL0331,t1,i_ILROfferMax,0, 
TP24,ISL0331,t1,i_ILROfferPrice,0, 
TP24,KAW0111,t1,i_ILROfferMax,0, 
TP24,KAW0111,t1,i_ILROfferPrice,600, 
TP24,KAW0113,t1,i_ILROfferMax,0, 
TP24,KAW0113,t1,i_ILROfferPrice,0, 
TP24,KIN0331,t1,i_ILROfferMax,0.9, 
TP24,KIN0331,t1,i_ILROfferPrice,0, 
TP24,KPU0661,t1,i_ILROfferMax,1.4, 
TP24,KPU0661,t1,i_ILROfferPrice,0, 
TP24,MPE1101,t1,i_ILROfferMax,5, 
TP24,MPE1101,t1,i_ILROfferPrice,0, 
TP24,PEN0331,t1,i_ILROfferMax,15.55, 
TP24,PEN0331,t1,i_ILROfferPrice,0.01, 
TP24,PEN0331,t2,i_ILROfferMax,7.8, 
TP24,PEN0331,t2,i_ILROfferPrice,0.45, 
TP24,PEN0331,t3,i_ILROfferMax,7.8, 
TP24,PEN0331,t3,i_ILROfferPrice,2.95, 
TP24,PRM0331,t1,i_ILROfferMax,55, 
TP24,PRM0331,t1,i_ILROfferPrice,0, 
TP24,PRM0331,t2,i_ILROfferMax,38.348, 
TP24,PRM0331,t2,i_ILROfferPrice,0.02, 
TP24,WGN0331,t1,i_ILROfferMax,0, 
TP24,WGN0331,t1,i_ILROfferPrice,0.1, 
TP24,WHI0111,t1,i_ILROfferMax,30, 
TP24,WHI0111,t1,i_ILROfferPrice,0, 
TP24,WHU0331,t1,i_ILROfferMax,1, 
TP24,WHU0331,t1,i_ILROfferPrice,0, 
TP24,WKO0331,t1,i_ILROfferMax,1, 
TP24,WKO0331,t1,i_ILROfferPrice,0, 
TP25,BOB1101,t1,i_ILROfferMax,4.354, 
TP25,BOB1101,t1,i_ILROfferPrice,0, 
TP25,CPK0331,t1,i_ILROfferMax,4.359, 
TP25,CPK0331,t1,i_ILROfferPrice,0.01, 
TP25,CPK0331,t2,i_ILROfferMax,2.6, 
TP25,CPK0331,t2,i_ILROfferPrice,5.15, 
TP25,CPK0331,t3,i_ILROfferMax,1.7, 
TP25,CPK0331,t3,i_ILROfferPrice,10.29, 
TP25,HAM0331,t1,i_ILROfferMax,6.234, 
TP25,HAM0331,t1,i_ILROfferPrice,0.01, 
TP25,HIN0331,t1,i_ILROfferMax,1.5, 
TP25,HIN0331,t1,i_ILROfferPrice,0, 
TP25,ISL0331,t1,i_ILROfferMax,0, 
TP25,ISL0331,t1,i_ILROfferPrice,0, 
TP25,KAW0111,t1,i_ILROfferMax,0, 
TP25,KAW0111,t1,i_ILROfferPrice,600, 
TP25,KAW0113,t1,i_ILROfferMax,0, 
TP25,KAW0113,t1,i_ILROfferPrice,0, 
TP25,KIN0331,t1,i_ILROfferMax,0.9, 
TP25,KIN0331,t1,i_ILROfferPrice,0, 
TP25,KPU0661,t1,i_ILROfferMax,1.4, 
TP25,KPU0661,t1,i_ILROfferPrice,0, 
TP25,MPE1101,t1,i_ILROfferMax,5, 
TP25,MPE1101,t1,i_ILROfferPrice,0, 
TP25,PEN0331,t1,i_ILROfferMax,14.75, 
TP25,PEN0331,t1,i_ILROfferPrice,0.01, 
TP25,PEN0331,t2,i_ILROfferMax,7.4, 
TP25,PEN0331,t2,i_ILROfferPrice,0.45, 
TP25,PEN0331,t3,i_ILROfferMax,7.4, 
TP25,PEN0331,t3,i_ILROfferPrice,2.95, 
TP25,PRM0331,t1,i_ILROfferMax,55, 
TP25,PRM0331,t1,i_ILROfferPrice,0, 
TP25,PRM0331,t2,i_ILROfferMax,41.226, 
TP25,PRM0331,t2,i_ILROfferPrice,0.02, 
TP25,WGN0331,t1,i_ILROfferMax,0, 
TP25,WGN0331,t1,i_ILROfferPrice,0.1, 
TP25,WHI0111,t1,i_ILROfferMax,30, 
TP25,WHI0111,t1,i_ILROfferPrice,0, 
TP25,WHU0331,t1,i_ILROfferMax,1, 
TP25,WHU0331,t1,i_ILROfferPrice,0, 
TP25,WKO0331,t1,i_ILROfferMax,0.9, 
TP25,WKO0331,t1,i_ILROfferPrice,0, 
TP26,BOB1101,t1,i_ILROfferMax,4.209, 
TP26,BOB1101,t1,i_ILROfferPrice,0, 
TP26,CPK0331,t1,i_ILROfferMax,4.107, 
TP26,CPK0331,t1,i_ILROfferPrice,0.01, 
TP26,CPK0331,t2,i_ILROfferMax,2.5, 
TP26,CPK0331,t2,i_ILROfferPrice,5.15, 
TP26,CPK0331,t3,i_ILROfferMax,1.6, 
TP26,CPK0331,t3,i_ILROfferPrice,10.29, 
TP26,HAM0331,t1,i_ILROfferMax,5.745, 
TP26,HAM0331,t1,i_ILROfferPrice,0.01, 
TP26,HIN0331,t1,i_ILROfferMax,1.5, 
TP26,HIN0331,t1,i_ILROfferPrice,0, 
TP26,ISL0331,t1,i_ILROfferMax,0, 
TP26,ISL0331,t1,i_ILROfferPrice,0, 
TP26,KAW0111,t1,i_ILROfferMax,0, 
TP26,KAW0111,t1,i_ILROfferPrice,600, 
TP26,KAW0113,t1,i_ILROfferMax,0, 
TP26,KAW0113,t1,i_ILROfferPrice,0, 
TP26,KIN0331,t1,i_ILROfferMax,0.8, 
TP26,KIN0331,t1,i_ILROfferPrice,0, 
TP26,KPU0661,t1,i_ILROfferMax,1.4, 
TP26,KPU0661,t1,i_ILROfferPrice,0, 
TP26,MPE1101,t1,i_ILROfferMax,4, 
TP26,MPE1101,t1,i_ILROfferPrice,0, 
TP26,PEN0331,t1,i_ILROfferMax,13.85, 
TP26,PEN0331,t1,i_ILROfferPrice,0.01, 
TP26,PEN0331,t2,i_ILROfferMax,6.9, 
TP26,PEN0331,t2,i_ILROfferPrice,0.45, 
TP26,PEN0331,t3,i_ILROfferMax,6.9, 
TP26,PEN0331,t3,i_ILROfferPrice,2.95, 
TP26,PRM0331,t1,i_ILROfferMax,55, 
TP26,PRM0331,t1,i_ILROfferPrice,0, 
TP26,PRM0331,t2,i_ILROfferMax,39.598, 
TP26,PRM0331,t2,i_ILROfferPrice,0.02, 
TP26,WGN0331,t1,i_ILROfferMax,0, 
TP26,WGN0331,t1,i_ILROfferPrice,0.1, 
TP26,WHI0111,t1,i_ILROfferMax,30, 
TP26,WHI0111,t1,i_ILROfferPrice,0, 
TP26,WHU0331,t1,i_ILROfferMax,1, 
TP26,WHU0331,t1,i_ILROfferPrice,0, 
TP26,WKO0331,t1,i_ILROfferMax,0.9, 
TP26,WKO0331,t1,i_ILROfferPrice,0, 
TP27,BOB1101,t1,i_ILROfferMax,3.921, 
TP27,BOB1101,t1,i_ILROfferPrice,0, 
TP27,CPK0331,t1,i_ILROfferMax,3.856, 
TP27,CPK0331,t1,i_ILROfferPrice,0.01, 
TP27,CPK0331,t2,i_ILROfferMax,2.3, 
TP27,CPK0331,t2,i_ILROfferPrice,5.15, 
TP27,CPK0331,t3,i_ILROfferMax,1.5, 
TP27,CPK0331,t3,i_ILROfferPrice,10.29, 
TP27,HAM0331,t1,i_ILROfferMax,5.338, 
TP27,HAM0331,t1,i_ILROfferPrice,0.01, 
TP27,HIN0331,t1,i_ILROfferMax,2, 
TP27,HIN0331,t1,i_ILROfferPrice,0, 
TP27,ISL0331,t1,i_ILROfferMax,0, 
TP27,ISL0331,t1,i_ILROfferPrice,0, 
TP27,KAW0111,t1,i_ILROfferMax,0, 
TP27,KAW0111,t1,i_ILROfferPrice,600, 
TP27,KAW0113,t1,i_ILROfferMax,0, 
TP27,KAW0113,t1,i_ILROfferPrice,0, 
TP27,KIN0331,t1,i_ILROfferMax,1, 
TP27,KIN0331,t1,i_ILROfferPrice,0, 
TP27,KPU0661,t1,i_ILROfferMax,1.5, 
TP27,KPU0661,t1,i_ILROfferPrice,0, 
TP27,MPE1101,t1,i_ILROfferMax,4, 
TP27,MPE1101,t1,i_ILROfferPrice,0, 
TP27,PEN0331,t1,i_ILROfferMax,12.7, 
TP27,PEN0331,t1,i_ILROfferPrice,0.01, 
TP27,PEN0331,t2,i_ILROfferMax,6.4, 
TP27,PEN0331,t2,i_ILROfferPrice,0.45, 
TP27,PEN0331,t3,i_ILROfferMax,6.4, 
TP27,PEN0331,t3,i_ILROfferPrice,2.95, 
TP27,PRM0331,t1,i_ILROfferMax,55, 
TP27,PRM0331,t1,i_ILROfferPrice,0, 
TP27,PRM0331,t2,i_ILROfferMax,37.721, 
TP27,PRM0331,t2,i_ILROfferPrice,0.02, 
TP27,WGN0331,t1,i_ILROfferMax,0, 
TP27,WGN0331,t1,i_ILROfferPrice,0.1, 
TP27,WHI0111,t1,i_ILROfferMax,40, 
TP27,WHI0111,t1,i_ILROfferPrice,0, 
TP27,WHU0331,t1,i_ILROfferMax,1, 
TP27,WHU0331,t1,i_ILROfferPrice,0, 
TP27,WKO0331,t1,i_ILROfferMax,2, 
TP27,WKO0331,t1,i_ILROfferPrice,0, 
TP28,BOB1101,t1,i_ILROfferMax,3.632, 
TP28,BOB1101,t1,i_ILROfferPrice,0, 
TP28,CPK0331,t1,i_ILROfferMax,3.657, 
TP28,CPK0331,t1,i_ILROfferPrice,0.01, 
TP28,CPK0331,t2,i_ILROfferMax,2.2, 
TP28,CPK0331,t2,i_ILROfferPrice,5.15, 
TP28,CPK0331,t3,i_ILROfferMax,1.5, 
TP28,CPK0331,t3,i_ILROfferPrice,10.29, 
TP28,HAM0331,t1,i_ILROfferMax,4.942, 
TP28,HAM0331,t1,i_ILROfferPrice,0.01, 
TP28,HIN0331,t1,i_ILROfferMax,2, 
TP28,HIN0331,t1,i_ILROfferPrice,0, 
TP28,ISL0331,t1,i_ILROfferMax,0, 
TP28,ISL0331,t1,i_ILROfferPrice,0, 
TP28,KAW0111,t1,i_ILROfferMax,0, 
TP28,KAW0111,t1,i_ILROfferPrice,600, 
TP28,KAW0113,t1,i_ILROfferMax,0, 
TP28,KAW0113,t1,i_ILROfferPrice,0, 
TP28,KIN0331,t1,i_ILROfferMax,0.8, 
TP28,KIN0331,t1,i_ILROfferPrice,0, 
TP28,KPU0661,t1,i_ILROfferMax,1.5, 
TP28,KPU0661,t1,i_ILROfferPrice,0, 
TP28,MPE1101,t1,i_ILROfferMax,4, 
TP28,MPE1101,t1,i_ILROfferPrice,0, 
TP28,PEN0331,t1,i_ILROfferMax,11.6, 
TP28,PEN0331,t1,i_ILROfferPrice,0.01, 
TP28,PEN0331,t2,i_ILROfferMax,5.8, 
TP28,PEN0331,t2,i_ILROfferPrice,0.45, 
TP28,PEN0331,t3,i_ILROfferMax,5.8, 
TP28,PEN0331,t3,i_ILROfferPrice,2.95, 
TP28,PRM0331,t1,i_ILROfferMax,55, 
TP28,PRM0331,t1,i_ILROfferPrice,0, 
TP28,PRM0331,t2,i_ILROfferMax,36.277, 
TP28,PRM0331,t2,i_ILROfferPrice,0.02, 
TP28,WGN0331,t1,i_ILROfferMax,0, 
TP28,WGN0331,t1,i_ILROfferPrice,0.1, 
TP28,WHI0111,t1,i_ILROfferMax,40, 
TP28,WHI0111,t1,i_ILROfferPrice,0, 
TP28,WHU0331,t1,i_ILROfferMax,0.8, 
TP28,WHU0331,t1,i_ILROfferPrice,0, 
TP28,WKO0331,t1,i_ILROfferMax,1.5, 
TP28,WKO0331,t1,i_ILROfferPrice,0, 
TP29,BOB1101,t1,i_ILROfferMax,3.343, 
TP29,BOB1101,t1,i_ILROfferPrice,0, 
TP29,CPK0331,t1,i_ILROfferMax,3.458, 
TP29,CPK0331,t1,i_ILROfferPrice,0.01, 
TP29,CPK0331,t2,i_ILROfferMax,2.1, 
TP29,CPK0331,t2,i_ILROfferPrice,5.15, 
TP29,CPK0331,t3,i_ILROfferMax,1.4, 
TP29,CPK0331,t3,i_ILROfferPrice,10.29, 
TP29,HAM0331,t1,i_ILROfferMax,4.907, 
TP29,HAM0331,t1,i_ILROfferPrice,0.01, 
TP29,HIN0331,t1,i_ILROfferMax,2, 
TP29,HIN0331,t1,i_ILROfferPrice,0, 
TP29,ISL0331,t1,i_ILROfferMax,0, 
TP29,ISL0331,t1,i_ILROfferPrice,0, 
TP29,KAW0111,t1,i_ILROfferMax,0, 
TP29,KAW0111,t1,i_ILROfferPrice,600, 
TP29,KAW0113,t1,i_ILROfferMax,0, 
TP29,KAW0113,t1,i_ILROfferPrice,0, 
TP29,KIN0331,t1,i_ILROfferMax,0.8, 
TP29,KIN0331,t1,i_ILROfferPrice,0, 
TP29,KPU0661,t1,i_ILROfferMax,1.5, 
TP29,KPU0661,t1,i_ILROfferPrice,0, 
TP29,MPE1101,t1,i_ILROfferMax,4, 
TP29,MPE1101,t1,i_ILROfferPrice,0, 
TP29,PEN0331,t1,i_ILROfferMax,11.45, 
TP29,PEN0331,t1,i_ILROfferPrice,0.01, 
TP29,PEN0331,t2,i_ILROfferMax,5.7, 
TP29,PEN0331,t2,i_ILROfferPrice,0.45, 
TP29,PEN0331,t3,i_ILROfferMax,5.7, 
TP29,PEN0331,t3,i_ILROfferPrice,2.95, 
TP29,PRM0331,t1,i_ILROfferMax,55, 
TP29,PRM0331,t1,i_ILROfferPrice,0, 
TP29,PRM0331,t2,i_ILROfferMax,35.651, 
TP29,PRM0331,t2,i_ILROfferPrice,0.02, 
TP29,WGN0331,t1,i_ILROfferMax,0, 
TP29,WGN0331,t1,i_ILROfferPrice,0.1, 
TP29,WHI0111,t1,i_ILROfferMax,40, 
TP29,WHI0111,t1,i_ILROfferPrice,0, 
TP29,WHU0331,t1,i_ILROfferMax,0.8, 
TP29,WHU0331,t1,i_ILROfferPrice,0, 
TP29,WKO0331,t1,i_ILROfferMax,1.3, 
TP29,WKO0331,t1,i_ILROfferPrice,0, 
TP30,BOB1101,t1,i_ILROfferMax,3.054, 
TP30,BOB1101,t1,i_ILROfferPrice,0, 
TP30,CPK0331,t1,i_ILROfferMax,3.127, 
TP30,CPK0331,t1,i_ILROfferPrice,0.01, 
TP30,CPK0331,t2,i_ILROfferMax,1.9, 
TP30,CPK0331,t2,i_ILROfferPrice,5.15, 
TP30,CPK0331,t3,i_ILROfferMax,1.3, 
TP30,CPK0331,t3,i_ILROfferPrice,10.29, 
TP30,HAM0331,t1,i_ILROfferMax,4.679, 
TP30,HAM0331,t1,i_ILROfferPrice,0.01, 
TP30,HIN0331,t1,i_ILROfferMax,1.5, 
TP30,HIN0331,t1,i_ILROfferPrice,0, 
TP30,ISL0331,t1,i_ILROfferMax,0, 
TP30,ISL0331,t1,i_ILROfferPrice,0, 
TP30,KAW0111,t1,i_ILROfferMax,0, 
TP30,KAW0111,t1,i_ILROfferPrice,600, 
TP30,KAW0113,t1,i_ILROfferMax,0, 
TP30,KAW0113,t1,i_ILROfferPrice,0, 
TP30,KIN0331,t1,i_ILROfferMax,0.8, 
TP30,KIN0331,t1,i_ILROfferPrice,0, 
TP30,KPU0661,t1,i_ILROfferMax,1.5, 
TP30,KPU0661,t1,i_ILROfferPrice,0, 
TP30,MPE1101,t1,i_ILROfferMax,4, 
TP30,MPE1101,t1,i_ILROfferPrice,0, 
TP30,PEN0331,t1,i_ILROfferMax,11.3, 
TP30,PEN0331,t1,i_ILROfferPrice,0.01, 
TP30,PEN0331,t2,i_ILROfferMax,5.7, 
TP30,PEN0331,t2,i_ILROfferPrice,0.45, 
TP30,PEN0331,t3,i_ILROfferMax,5.7, 
TP30,PEN0331,t3,i_ILROfferPrice,2.95, 
TP30,PRM0331,t1,i_ILROfferMax,55, 
TP30,PRM0331,t1,i_ILROfferPrice,0, 
TP30,PRM0331,t2,i_ILROfferMax,42.499, 
TP30,PRM0331,t2,i_ILROfferPrice,0.02, 
TP30,WGN0331,t1,i_ILROfferMax,0, 
TP30,WGN0331,t1,i_ILROfferPrice,0.1, 
TP30,WHI0111,t1,i_ILROfferMax,40, 
TP30,WHI0111,t1,i_ILROfferPrice,0, 
TP30,WHU0331,t1,i_ILROfferMax,0.8, 
TP30,WHU0331,t1,i_ILROfferPrice,0, 
TP30,WKO0331,t1,i_ILROfferMax,1.1, 
TP30,WKO0331,t1,i_ILROfferPrice,0, 
TP31,BOB1101,t1,i_ILROfferMax,2.91, 
TP31,BOB1101,t1,i_ILROfferPrice,0, 
TP31,CPK0331,t1,i_ILROfferMax,2.797, 
TP31,CPK0331,t1,i_ILROfferPrice,0.01, 
TP31,CPK0331,t2,i_ILROfferMax,1.7, 
TP31,CPK0331,t2,i_ILROfferPrice,5.15, 
TP31,CPK0331,t3,i_ILROfferMax,1.1, 
TP31,CPK0331,t3,i_ILROfferPrice,10.29, 
TP31,HAM0331,t1,i_ILROfferMax,4.613, 
TP31,HAM0331,t1,i_ILROfferPrice,0.01, 
TP31,HIN0331,t1,i_ILROfferMax,1.5, 
TP31,HIN0331,t1,i_ILROfferPrice,0, 
TP31,ISL0331,t1,i_ILROfferMax,0, 
TP31,ISL0331,t1,i_ILROfferPrice,0, 
TP31,KAW0111,t1,i_ILROfferMax,0, 
TP31,KAW0111,t1,i_ILROfferPrice,600, 
TP31,KAW0113,t1,i_ILROfferMax,0, 
TP31,KAW0113,t1,i_ILROfferPrice,0, 
TP31,KIN0331,t1,i_ILROfferMax,0.8, 
TP31,KIN0331,t1,i_ILROfferPrice,0, 
TP31,KPU0661,t1,i_ILROfferMax,1, 
TP31,KPU0661,t1,i_ILROfferPrice,0, 
TP31,MPE1101,t1,i_ILROfferMax,4, 
TP31,MPE1101,t1,i_ILROfferPrice,0, 
TP31,PEN0331,t1,i_ILROfferMax,12, 
TP31,PEN0331,t1,i_ILROfferPrice,0.01, 
TP31,PEN0331,t2,i_ILROfferMax,6, 
TP31,PEN0331,t2,i_ILROfferPrice,0.45, 
TP31,PEN0331,t3,i_ILROfferMax,6, 
TP31,PEN0331,t3,i_ILROfferPrice,2.95, 
TP31,PRM0331,t1,i_ILROfferMax,55, 
TP31,PRM0331,t1,i_ILROfferPrice,0, 
TP31,PRM0331,t2,i_ILROfferMax,45.482, 
TP31,PRM0331,t2,i_ILROfferPrice,0.02, 
TP31,WGN0331,t1,i_ILROfferMax,0, 
TP31,WGN0331,t1,i_ILROfferPrice,0.1, 
TP31,WHI0111,t1,i_ILROfferMax,40, 
TP31,WHI0111,t1,i_ILROfferPrice,0, 
TP31,WHU0331,t1,i_ILROfferMax,0.8, 
TP31,WHU0331,t1,i_ILROfferPrice,0, 
TP31,WKO0331,t1,i_ILROfferMax,0.9, 
TP31,WKO0331,t1,i_ILROfferPrice,0, 
TP32,BOB1101,t1,i_ILROfferMax,3.096, 
TP32,BOB1101,t1,i_ILROfferPrice,0, 
TP32,CPK0331,t1,i_ILROfferMax,3.069, 
TP32,CPK0331,t1,i_ILROfferPrice,0.01, 
TP32,CPK0331,t2,i_ILROfferMax,1.8, 
TP32,CPK0331,t2,i_ILROfferPrice,5.15, 
TP32,CPK0331,t3,i_ILROfferMax,1.2, 
TP32,CPK0331,t3,i_ILROfferPrice,10.29, 
TP32,HAM0331,t1,i_ILROfferMax,4.938, 
TP32,HAM0331,t1,i_ILROfferPrice,0.01, 
TP32,HIN0331,t1,i_ILROfferMax,1.5, 
TP32,HIN0331,t1,i_ILROfferPrice,0, 
TP32,ISL0331,t1,i_ILROfferMax,0, 
TP32,ISL0331,t1,i_ILROfferPrice,0, 
TP32,KAW0111,t1,i_ILROfferMax,0, 
TP32,KAW0111,t1,i_ILROfferPrice,600, 
TP32,KAW0113,t1,i_ILROfferMax,0, 
TP32,KAW0113,t1,i_ILROfferPrice,0, 
TP32,KIN0331,t1,i_ILROfferMax,0.8, 
TP32,KIN0331,t1,i_ILROfferPrice,0, 
TP32,KPU0661,t1,i_ILROfferMax,1, 
TP32,KPU0661,t1,i_ILROfferPrice,0, 
TP32,MPE1101,t1,i_ILROfferMax,4, 
TP32,MPE1101,t1,i_ILROfferPrice,0, 
TP32,PEN0331,t1,i_ILROfferMax,12.7, 
TP32,PEN0331,t1,i_ILROfferPrice,0.01, 
TP32,PEN0331,t2,i_ILROfferMax,6.4, 
TP32,PEN0331,t2,i_ILROfferPrice,0.45, 
TP32,PEN0331,t3,i_ILROfferMax,6.4, 
TP32,PEN0331,t3,i_ILROfferPrice,2.95, 
TP32,PRM0331,t1,i_ILROfferMax,55, 
TP32,PRM0331,t1,i_ILROfferPrice,0, 
TP32,PRM0331,t2,i_ILROfferMax,46.481, 
TP32,PRM0331,t2,i_ILROfferPrice,0.02, 
TP32,WGN0331,t1,i_ILROfferMax,0, 
TP32,WGN0331,t1,i_ILROfferPrice,0.1, 
TP32,WHI0111,t1,i_ILROfferMax,40, 
TP32,WHI0111,t1,i_ILROfferPrice,0, 
TP32,WHU0331,t1,i_ILROfferMax,0.8, 
TP32,WHU0331,t1,i_ILROfferPrice,0, 
TP32,WKO0331,t1,i_ILROfferMax,0.9, 
TP32,WKO0331,t1,i_ILROfferPrice,0, 
TP33,BOB1101,t1,i_ILROfferMax,3.468, 
TP33,BOB1101,t1,i_ILROfferPrice,0, 
TP33,CPK0331,t1,i_ILROfferMax,3.342, 
TP33,CPK0331,t1,i_ILROfferPrice,0.01, 
TP33,CPK0331,t2,i_ILROfferMax,2, 
TP33,CPK0331,t2,i_ILROfferPrice,5.15, 
TP33,CPK0331,t3,i_ILROfferMax,1.3, 
TP33,CPK0331,t3,i_ILROfferPrice,10.29, 
TP33,HAM0331,t1,i_ILROfferMax,5.794, 
TP33,HAM0331,t1,i_ILROfferPrice,0.01, 
TP33,HIN0331,t1,i_ILROfferMax,1.5, 
TP33,HIN0331,t1,i_ILROfferPrice,0, 
TP33,ISL0331,t1,i_ILROfferMax,0, 
TP33,ISL0331,t1,i_ILROfferPrice,0, 
TP33,KAW0111,t1,i_ILROfferMax,0, 
TP33,KAW0111,t1,i_ILROfferPrice,600, 
TP33,KAW0113,t1,i_ILROfferMax,0, 
TP33,KAW0113,t1,i_ILROfferPrice,0, 
TP33,KIN0331,t1,i_ILROfferMax,0.8, 
TP33,KIN0331,t1,i_ILROfferPrice,0, 
TP33,KPU0661,t1,i_ILROfferMax,1, 
TP33,KPU0661,t1,i_ILROfferPrice,0, 
TP33,MPE1101,t1,i_ILROfferMax,4, 
TP33,MPE1101,t1,i_ILROfferPrice,0, 
TP33,PEN0331,t1,i_ILROfferMax,13.25, 
TP33,PEN0331,t1,i_ILROfferPrice,0.01, 
TP33,PEN0331,t2,i_ILROfferMax,6.6, 
TP33,PEN0331,t2,i_ILROfferPrice,0.45, 
TP33,PEN0331,t3,i_ILROfferMax,6.6, 
TP33,PEN0331,t3,i_ILROfferPrice,2.95, 
TP33,PRM0331,t1,i_ILROfferMax,55, 
TP33,PRM0331,t1,i_ILROfferPrice,0, 
TP33,PRM0331,t2,i_ILROfferMax,46.996, 
TP33,PRM0331,t2,i_ILROfferPrice,0.02, 
TP33,WGN0331,t1,i_ILROfferMax,0, 
TP33,WGN0331,t1,i_ILROfferPrice,0.1, 
TP33,WHI0111,t1,i_ILROfferMax,40, 
TP33,WHI0111,t1,i_ILROfferPrice,0, 
TP33,WHU0331,t1,i_ILROfferMax,0.8, 
TP33,WHU0331,t1,i_ILROfferPrice,0, 
TP33,WKO0331,t1,i_ILROfferMax,1, 
TP33,WKO0331,t1,i_ILROfferPrice,0, 
TP34,BOB1101,t1,i_ILROfferMax,0, 
TP34,BOB1101,t1,i_ILROfferPrice,0, 
TP34,CPK0331,t1,i_ILROfferMax,3.579, 
TP34,CPK0331,t1,i_ILROfferPrice,0.01, 
TP34,CPK0331,t2,i_ILROfferMax,2.1, 
TP34,CPK0331,t2,i_ILROfferPrice,5.15, 
TP34,CPK0331,t3,i_ILROfferMax,1.4, 
TP34,CPK0331,t3,i_ILROfferPrice,10.29, 
TP34,HAM0331,t1,i_ILROfferMax,7.089, 
TP34,HAM0331,t1,i_ILROfferPrice,0.01, 
TP34,HIN0331,t1,i_ILROfferMax,1.5, 
TP34,HIN0331,t1,i_ILROfferPrice,0, 
TP34,ISL0331,t1,i_ILROfferMax,0, 
TP34,ISL0331,t1,i_ILROfferPrice,0, 
TP34,KAW0111,t1,i_ILROfferMax,0, 
TP34,KAW0111,t1,i_ILROfferPrice,600, 
TP34,KAW0113,t1,i_ILROfferMax,0, 
TP34,KAW0113,t1,i_ILROfferPrice,0, 
TP34,KIN0331,t1,i_ILROfferMax,0.9, 
TP34,KIN0331,t1,i_ILROfferPrice,0, 
TP34,KPU0661,t1,i_ILROfferMax,1, 
TP34,KPU0661,t1,i_ILROfferPrice,0, 
TP34,MPE1101,t1,i_ILROfferMax,5.5, 
TP34,MPE1101,t1,i_ILROfferPrice,0, 
TP34,PEN0331,t1,i_ILROfferMax,14.05, 
TP34,PEN0331,t1,i_ILROfferPrice,0.01, 
TP34,PEN0331,t2,i_ILROfferMax,7, 
TP34,PEN0331,t2,i_ILROfferPrice,0.45, 
TP34,PEN0331,t3,i_ILROfferMax,7, 
TP34,PEN0331,t3,i_ILROfferPrice,2.95, 
TP34,PRM0331,t1,i_ILROfferMax,55, 
TP34,PRM0331,t1,i_ILROfferPrice,0, 
TP34,PRM0331,t2,i_ILROfferMax,46.976, 
TP34,PRM0331,t2,i_ILROfferPrice,0.02, 
TP34,WGN0331,t1,i_ILROfferMax,0, 
TP34,WGN0331,t1,i_ILROfferPrice,0.1, 
TP34,WHI0111,t1,i_ILROfferMax,40, 
TP34,WHI0111,t1,i_ILROfferPrice,0, 
TP34,WHU0331,t1,i_ILROfferMax,1, 
TP34,WHU0331,t1,i_ILROfferPrice,0, 
TP34,WKO0331,t1,i_ILROfferMax,1, 
TP34,WKO0331,t1,i_ILROfferPrice,0, 
TP35,BOB1101,t1,i_ILROfferMax,0, 
TP35,BOB1101,t1,i_ILROfferPrice,0, 
TP35,CPK0331,t1,i_ILROfferMax,3.816, 
TP35,CPK0331,t1,i_ILROfferPrice,0.01, 
TP35,CPK0331,t2,i_ILROfferMax,2.3, 
TP35,CPK0331,t2,i_ILROfferPrice,5.15, 
TP35,CPK0331,t3,i_ILROfferMax,1.5, 
TP35,CPK0331,t3,i_ILROfferPrice,10.29, 
TP35,HAM0331,t1,i_ILROfferMax,0, 
TP35,HAM0331,t1,i_ILROfferPrice,0.01, 
TP35,HIN0331,t1,i_ILROfferMax,1.5, 
TP35,HIN0331,t1,i_ILROfferPrice,0, 
TP35,ISL0331,t1,i_ILROfferMax,0, 
TP35,ISL0331,t1,i_ILROfferPrice,0, 
TP35,KAW0111,t1,i_ILROfferMax,0, 
TP35,KAW0111,t1,i_ILROfferPrice,600, 
TP35,KAW0113,t1,i_ILROfferMax,0, 
TP35,KAW0113,t1,i_ILROfferPrice,0, 
TP35,KIN0331,t1,i_ILROfferMax,1, 
TP35,KIN0331,t1,i_ILROfferPrice,0, 
TP35,KPU0661,t1,i_ILROfferMax,1, 
TP35,KPU0661,t1,i_ILROfferPrice,0, 
TP35,MPE1101,t1,i_ILROfferMax,2.5, 
TP35,MPE1101,t1,i_ILROfferPrice,0, 
TP35,PEN0331,t1,i_ILROfferMax,0, 
TP35,PEN0331,t1,i_ILROfferPrice,0.01, 
TP35,PRM0331,t1,i_ILROfferMax,45, 
TP35,PRM0331,t1,i_ILROfferPrice,0, 
TP35,PRM0331,t2,i_ILROfferMax,58.465, 
TP35,PRM0331,t2,i_ILROfferPrice,0.02, 
TP35,WGN0331,t1,i_ILROfferMax,0, 
TP35,WGN0331,t1,i_ILROfferPrice,0.1, 
TP35,WHI0111,t1,i_ILROfferMax,40, 
TP35,WHI0111,t1,i_ILROfferPrice,0, 
TP35,WHU0331,t1,i_ILROfferMax,1, 
TP35,WHU0331,t1,i_ILROfferPrice,0, 
TP35,WKO0331,t1,i_ILROfferMax,1, 
TP35,WKO0331,t1,i_ILROfferPrice,0, 
TP36,BOB1101,t1,i_ILROfferMax,0, 
TP36,BOB1101,t1,i_ILROfferPrice,0, 
TP36,CPK0331,t1,i_ILROfferMax,4.49, 
TP36,CPK0331,t1,i_ILROfferPrice,0.01, 
TP36,CPK0331,t2,i_ILROfferMax,2.7, 
TP36,CPK0331,t2,i_ILROfferPrice,5.15, 
TP36,CPK0331,t3,i_ILROfferMax,1.8, 
TP36,CPK0331,t3,i_ILROfferPrice,10.29, 
TP36,HAM0331,t1,i_ILROfferMax,0, 
TP36,HAM0331,t1,i_ILROfferPrice,0.01, 
TP36,HIN0331,t1,i_ILROfferMax,2, 
TP36,HIN0331,t1,i_ILROfferPrice,0, 
TP36,ISL0331,t1,i_ILROfferMax,0, 
TP36,ISL0331,t1,i_ILROfferPrice,0, 
TP36,KAW0111,t1,i_ILROfferMax,0, 
TP36,KAW0111,t1,i_ILROfferPrice,600, 
TP36,KAW0113,t1,i_ILROfferMax,0, 
TP36,KAW0113,t1,i_ILROfferPrice,0, 
TP36,KIN0331,t1,i_ILROfferMax,1.2, 
TP36,KIN0331,t1,i_ILROfferPrice,0, 
TP36,KPU0661,t1,i_ILROfferMax,1.5, 
TP36,KPU0661,t1,i_ILROfferPrice,0, 
TP36,MPE1101,t1,i_ILROfferMax,0, 
TP36,MPE1101,t1,i_ILROfferPrice,0, 
TP36,PEN0331,t1,i_ILROfferMax,0, 
TP36,PEN0331,t1,i_ILROfferPrice,0.01, 
TP36,PRM0331,t1,i_ILROfferMax,45, 
TP36,PRM0331,t1,i_ILROfferPrice,0, 
TP36,PRM0331,t2,i_ILROfferMax,19.152, 
TP36,PRM0331,t2,i_ILROfferPrice,0.02, 
TP36,WGN0331,t1,i_ILROfferMax,0, 
TP36,WGN0331,t1,i_ILROfferPrice,0.1, 
TP36,WHI0111,t1,i_ILROfferMax,40, 
TP36,WHI0111,t1,i_ILROfferPrice,0, 
TP36,WHU0331,t1,i_ILROfferMax,1, 
TP36,WHU0331,t1,i_ILROfferPrice,0, 
TP36,WKO0331,t1,i_ILROfferMax,1, 
TP36,WKO0331,t1,i_ILROfferPrice,0, 
TP37,BOB1101,t1,i_ILROfferMax,0, 
TP37,BOB1101,t1,i_ILROfferPrice,0, 
TP37,CPK0331,t1,i_ILROfferMax,5.165, 
TP37,CPK0331,t1,i_ILROfferPrice,0.01, 
TP37,CPK0331,t2,i_ILROfferMax,3.1, 
TP37,CPK0331,t2,i_ILROfferPrice,5.15, 
TP37,CPK0331,t3,i_ILROfferMax,2.1, 
TP37,CPK0331,t3,i_ILROfferPrice,10.29, 
TP37,HAM0331,t1,i_ILROfferMax,0, 
TP37,HAM0331,t1,i_ILROfferPrice,0.01, 
TP37,HIN0331,t1,i_ILROfferMax,2, 
TP37,HIN0331,t1,i_ILROfferPrice,0, 
TP37,ISL0331,t1,i_ILROfferMax,0, 
TP37,ISL0331,t1,i_ILROfferPrice,0, 
TP37,KAW0111,t1,i_ILROfferMax,0, 
TP37,KAW0111,t1,i_ILROfferPrice,600, 
TP37,KAW0113,t1,i_ILROfferMax,0, 
TP37,KAW0113,t1,i_ILROfferPrice,0, 
TP37,KIN0331,t1,i_ILROfferMax,1.5, 
TP37,KIN0331,t1,i_ILROfferPrice,0, 
TP37,KPU0661,t1,i_ILROfferMax,1.5, 
TP37,KPU0661,t1,i_ILROfferPrice,0, 
TP37,MPE1101,t1,i_ILROfferMax,0, 
TP37,MPE1101,t1,i_ILROfferPrice,0, 
TP37,PEN0331,t1,i_ILROfferMax,0, 
TP37,PEN0331,t1,i_ILROfferPrice,0.01, 
TP37,PRM0331,t1,i_ILROfferMax,45, 
TP37,PRM0331,t1,i_ILROfferPrice,0, 
TP37,PRM0331,t2,i_ILROfferMax,24.612, 
TP37,PRM0331,t2,i_ILROfferPrice,0.02, 
TP37,WGN0331,t1,i_ILROfferMax,0, 
TP37,WGN0331,t1,i_ILROfferPrice,0.1, 
TP37,WHI0111,t1,i_ILROfferMax,10, 
TP37,WHI0111,t1,i_ILROfferPrice,0, 
TP37,WHU0331,t1,i_ILROfferMax,1.2, 
TP37,WHU0331,t1,i_ILROfferPrice,0, 
TP37,WKO0331,t1,i_ILROfferMax,1, 
TP37,WKO0331,t1,i_ILROfferPrice,0, 
TP38,BOB1101,t1,i_ILROfferMax,0, 
TP38,BOB1101,t1,i_ILROfferPrice,0, 
TP38,CPK0331,t1,i_ILROfferMax,5.437, 
TP38,CPK0331,t1,i_ILROfferPrice,0.01, 
TP38,CPK0331,t2,i_ILROfferMax,3.3, 
TP38,CPK0331,t2,i_ILROfferPrice,5.15, 
TP38,CPK0331,t3,i_ILROfferMax,2.2, 
TP38,CPK0331,t3,i_ILROfferPrice,10.29, 
TP38,HAM0331,t1,i_ILROfferMax,0, 
TP38,HAM0331,t1,i_ILROfferPrice,0.01, 
TP38,HIN0331,t1,i_ILROfferMax,2, 
TP38,HIN0331,t1,i_ILROfferPrice,0, 
TP38,ISL0331,t1,i_ILROfferMax,0, 
TP38,ISL0331,t1,i_ILROfferPrice,0, 
TP38,KAW0111,t1,i_ILROfferMax,6, 
TP38,KAW0111,t1,i_ILROfferPrice,600, 
TP38,KAW0113,t1,i_ILROfferMax,0, 
TP38,KAW0113,t1,i_ILROfferPrice,0, 
TP38,KIN0331,t1,i_ILROfferMax,1.5, 
TP38,KIN0331,t1,i_ILROfferPrice,0, 
TP38,KPU0661,t1,i_ILROfferMax,1.8, 
TP38,KPU0661,t1,i_ILROfferPrice,0, 
TP38,MPE1101,t1,i_ILROfferMax,0, 
TP38,MPE1101,t1,i_ILROfferPrice,0, 
TP38,PEN0331,t1,i_ILROfferMax,0, 
TP38,PEN0331,t1,i_ILROfferPrice,0.01, 
TP38,PRM0331,t1,i_ILROfferMax,45, 
TP38,PRM0331,t1,i_ILROfferPrice,0, 
TP38,PRM0331,t2,i_ILROfferMax,24.46, 
TP38,PRM0331,t2,i_ILROfferPrice,0.02, 
TP38,WGN0331,t1,i_ILROfferMax,0, 
TP38,WGN0331,t1,i_ILROfferPrice,0.1, 
TP38,WHI0111,t1,i_ILROfferMax,10, 
TP38,WHI0111,t1,i_ILROfferPrice,0, 
TP38,WHU0331,t1,i_ILROfferMax,1, 
TP38,WHU0331,t1,i_ILROfferPrice,0, 
TP38,WKO0331,t1,i_ILROfferMax,1.5, 
TP38,WKO0331,t1,i_ILROfferPrice,0, 
TP39,BOB1101,t1,i_ILROfferMax,0, 
TP39,BOB1101,t1,i_ILROfferPrice,0, 
TP39,CPK0331,t1,i_ILROfferMax,5.709, 
TP39,CPK0331,t1,i_ILROfferPrice,0.01, 
TP39,CPK0331,t2,i_ILROfferMax,3.4, 
TP39,CPK0331,t2,i_ILROfferPrice,5.15, 
TP39,CPK0331,t3,i_ILROfferMax,2.3, 
TP39,CPK0331,t3,i_ILROfferPrice,10.29, 
TP39,HAM0331,t1,i_ILROfferMax,0, 
TP39,HAM0331,t1,i_ILROfferPrice,0.01, 
TP39,HIN0331,t1,i_ILROfferMax,2, 
TP39,HIN0331,t1,i_ILROfferPrice,0, 
TP39,ISL0331,t1,i_ILROfferMax,0, 
TP39,ISL0331,t1,i_ILROfferPrice,0, 
TP39,KAW0111,t1,i_ILROfferMax,6, 
TP39,KAW0111,t1,i_ILROfferPrice,600, 
TP39,KAW0113,t1,i_ILROfferMax,0, 
TP39,KAW0113,t1,i_ILROfferPrice,0, 
TP39,KIN0331,t1,i_ILROfferMax,1.5, 
TP39,KIN0331,t1,i_ILROfferPrice,0, 
TP39,KPU0661,t1,i_ILROfferMax,1.8, 
TP39,KPU0661,t1,i_ILROfferPrice,0, 
TP39,MPE1101,t1,i_ILROfferMax,0, 
TP39,MPE1101,t1,i_ILROfferPrice,0, 
TP39,PEN0331,t1,i_ILROfferMax,0, 
TP39,PEN0331,t1,i_ILROfferPrice,0.01, 
TP39,PRM0331,t1,i_ILROfferMax,45, 
TP39,PRM0331,t1,i_ILROfferPrice,0, 
TP39,PRM0331,t2,i_ILROfferMax,24.392, 
TP39,PRM0331,t2,i_ILROfferPrice,0.02, 
TP39,WGN0331,t1,i_ILROfferMax,0, 
TP39,WGN0331,t1,i_ILROfferPrice,0.1, 
TP39,WHI0111,t1,i_ILROfferMax,10, 
TP39,WHI0111,t1,i_ILROfferPrice,0, 
TP39,WHU0331,t1,i_ILROfferMax,1, 
TP39,WHU0331,t1,i_ILROfferPrice,0, 
TP39,WKO0331,t1,i_ILROfferMax,1.5, 
TP39,WKO0331,t1,i_ILROfferPrice,0, 
TP40,BOB1101,t1,i_ILROfferMax,0, 
TP40,BOB1101,t1,i_ILROfferPrice,0, 
TP40,CPK0331,t1,i_ILROfferMax,5.718, 
TP40,CPK0331,t1,i_ILROfferPrice,0.01, 
TP40,CPK0331,t2,i_ILROfferMax,3.4, 
TP40,CPK0331,t2,i_ILROfferPrice,5.15, 
TP40,CPK0331,t3,i_ILROfferMax,2.3, 
TP40,CPK0331,t3,i_ILROfferPrice,10.29, 
TP40,HAM0331,t1,i_ILROfferMax,0, 
TP40,HAM0331,t1,i_ILROfferPrice,0.01, 
TP40,HIN0331,t1,i_ILROfferMax,2, 
TP40,HIN0331,t1,i_ILROfferPrice,0, 
TP40,ISL0331,t1,i_ILROfferMax,0, 
TP40,ISL0331,t1,i_ILROfferPrice,0, 
TP40,KAW0111,t1,i_ILROfferMax,6, 
TP40,KAW0111,t1,i_ILROfferPrice,600, 
TP40,KAW0113,t1,i_ILROfferMax,0, 
TP40,KAW0113,t1,i_ILROfferPrice,0, 
TP40,KIN0331,t1,i_ILROfferMax,1.7, 
TP40,KIN0331,t1,i_ILROfferPrice,0, 
TP40,KPU0661,t1,i_ILROfferMax,2, 
TP40,KPU0661,t1,i_ILROfferPrice,0, 
TP40,MPE1101,t1,i_ILROfferMax,0, 
TP40,MPE1101,t1,i_ILROfferPrice,0, 
TP40,PEN0331,t1,i_ILROfferMax,0, 
TP40,PEN0331,t1,i_ILROfferPrice,0.01, 
TP40,PRM0331,t1,i_ILROfferMax,45, 
TP40,PRM0331,t1,i_ILROfferPrice,0, 
TP40,PRM0331,t2,i_ILROfferMax,23.686, 
TP40,PRM0331,t2,i_ILROfferPrice,0.02, 
TP40,WGN0331,t1,i_ILROfferMax,0, 
TP40,WGN0331,t1,i_ILROfferPrice,0.1, 
TP40,WHI0111,t1,i_ILROfferMax,10, 
TP40,WHI0111,t1,i_ILROfferPrice,0, 
TP40,WHU0331,t1,i_ILROfferMax,1, 
TP40,WHU0331,t1,i_ILROfferPrice,0, 
TP40,WKO0331,t1,i_ILROfferMax,1.5, 
TP40,WKO0331,t1,i_ILROfferPrice,0, 
TP41,BOB1101,t1,i_ILROfferMax,6.072, 
TP41,BOB1101,t1,i_ILROfferPrice,0, 
TP41,CPK0331,t1,i_ILROfferMax,5.728, 
TP41,CPK0331,t1,i_ILROfferPrice,0.01, 
TP41,CPK0331,t2,i_ILROfferMax,3.4, 
TP41,CPK0331,t2,i_ILROfferPrice,5.15, 
TP41,CPK0331,t3,i_ILROfferMax,2.3, 
TP41,CPK0331,t3,i_ILROfferPrice,10.29, 
TP41,HAM0331,t1,i_ILROfferMax,0, 
TP41,HAM0331,t1,i_ILROfferPrice,0.01, 
TP41,HIN0331,t1,i_ILROfferMax,2.5, 
TP41,HIN0331,t1,i_ILROfferPrice,0, 
TP41,ISL0331,t1,i_ILROfferMax,0, 
TP41,ISL0331,t1,i_ILROfferPrice,0, 
TP41,KAW0111,t1,i_ILROfferMax,6, 
TP41,KAW0111,t1,i_ILROfferPrice,600, 
TP41,KAW0113,t1,i_ILROfferMax,0, 
TP41,KAW0113,t1,i_ILROfferPrice,0, 
TP41,KIN0331,t1,i_ILROfferMax,1.9, 
TP41,KIN0331,t1,i_ILROfferPrice,0, 
TP41,KPU0661,t1,i_ILROfferMax,1.5, 
TP41,KPU0661,t1,i_ILROfferPrice,0, 
TP41,MPE1101,t1,i_ILROfferMax,0, 
TP41,MPE1101,t1,i_ILROfferPrice,0, 
TP41,PEN0331,t1,i_ILROfferMax,0, 
TP41,PEN0331,t1,i_ILROfferPrice,0.01, 
TP41,PRM0331,t1,i_ILROfferMax,45, 
TP41,PRM0331,t1,i_ILROfferPrice,0, 
TP41,PRM0331,t2,i_ILROfferMax,33.509, 
TP41,PRM0331,t2,i_ILROfferPrice,0.02, 
TP41,WGN0331,t1,i_ILROfferMax,0, 
TP41,WGN0331,t1,i_ILROfferPrice,0.1, 
TP41,WHI0111,t1,i_ILROfferMax,10, 
TP41,WHI0111,t1,i_ILROfferPrice,0, 
TP41,WHU0331,t1,i_ILROfferMax,1.2, 
TP41,WHU0331,t1,i_ILROfferPrice,0, 
TP41,WKO0331,t1,i_ILROfferMax,1.5, 
TP41,WKO0331,t1,i_ILROfferPrice,0, 
TP42,BOB1101,t1,i_ILROfferMax,6.065, 
TP42,BOB1101,t1,i_ILROfferPrice,0, 
TP42,CPK0331,t1,i_ILROfferMax,5.814, 
TP42,CPK0331,t1,i_ILROfferPrice,0.01, 
TP42,CPK0331,t2,i_ILROfferMax,3.5, 
TP42,CPK0331,t2,i_ILROfferPrice,5.15, 
TP42,CPK0331,t3,i_ILROfferMax,2.3, 
TP42,CPK0331,t3,i_ILROfferPrice,10.29, 
TP42,HAM0331,t1,i_ILROfferMax,0, 
TP42,HAM0331,t1,i_ILROfferPrice,0.01, 
TP42,HIN0331,t1,i_ILROfferMax,2.5, 
TP42,HIN0331,t1,i_ILROfferPrice,0, 
TP42,ISL0331,t1,i_ILROfferMax,0, 
TP42,ISL0331,t1,i_ILROfferPrice,0, 
TP42,KAW0111,t1,i_ILROfferMax,6, 
TP42,KAW0111,t1,i_ILROfferPrice,600, 
TP42,KAW0113,t1,i_ILROfferMax,0, 
TP42,KAW0113,t1,i_ILROfferPrice,0, 
TP42,KIN0331,t1,i_ILROfferMax,1.7, 
TP42,KIN0331,t1,i_ILROfferPrice,0, 
TP42,KPU0661,t1,i_ILROfferMax,1.5, 
TP42,KPU0661,t1,i_ILROfferPrice,0, 
TP42,MPE1101,t1,i_ILROfferMax,0, 
TP42,MPE1101,t1,i_ILROfferPrice,0, 
TP42,PEN0331,t1,i_ILROfferMax,0, 
TP42,PEN0331,t1,i_ILROfferPrice,0.01, 
TP42,PRM0331,t1,i_ILROfferMax,55, 
TP42,PRM0331,t1,i_ILROfferPrice,0, 
TP42,PRM0331,t2,i_ILROfferMax,36.374, 
TP42,PRM0331,t2,i_ILROfferPrice,0.02, 
TP42,WGN0331,t1,i_ILROfferMax,0, 
TP42,WGN0331,t1,i_ILROfferPrice,0.1, 
TP42,WHI0111,t1,i_ILROfferMax,10, 
TP42,WHI0111,t1,i_ILROfferPrice,0, 
TP42,WHU0331,t1,i_ILROfferMax,1, 
TP42,WHU0331,t1,i_ILROfferPrice,0, 
TP42,WKO0331,t1,i_ILROfferMax,1.7, 
TP42,WKO0331,t1,i_ILROfferPrice,0, 
TP43,BOB1101,t1,i_ILROfferMax,6.63, 
TP43,BOB1101,t1,i_ILROfferPrice,0, 
TP43,CPK0331,t1,i_ILROfferMax,5.899, 
TP43,CPK0331,t1,i_ILROfferPrice,0.01, 
TP43,CPK0331,t2,i_ILROfferMax,3.5, 
TP43,CPK0331,t2,i_ILROfferPrice,5.15, 
TP43,CPK0331,t3,i_ILROfferMax,2.4, 
TP43,CPK0331,t3,i_ILROfferPrice,10.29, 
TP43,HAM0331,t1,i_ILROfferMax,0, 
TP43,HAM0331,t1,i_ILROfferPrice,0.01, 
TP43,HIN0331,t1,i_ILROfferMax,2.5, 
TP43,HIN0331,t1,i_ILROfferPrice,0, 
TP43,ISL0331,t1,i_ILROfferMax,0, 
TP43,ISL0331,t1,i_ILROfferPrice,0, 
TP43,KAW0111,t1,i_ILROfferMax,6, 
TP43,KAW0111,t1,i_ILROfferPrice,600, 
TP43,KAW0113,t1,i_ILROfferMax,0, 
TP43,KAW0113,t1,i_ILROfferPrice,0, 
TP43,KIN0331,t1,i_ILROfferMax,1.5, 
TP43,KIN0331,t1,i_ILROfferPrice,0, 
TP43,KPU0661,t1,i_ILROfferMax,1.5, 
TP43,KPU0661,t1,i_ILROfferPrice,0, 
TP43,MPE1101,t1,i_ILROfferMax,2, 
TP43,MPE1101,t1,i_ILROfferPrice,0, 
TP43,PEN0331,t1,i_ILROfferMax,0, 
TP43,PEN0331,t1,i_ILROfferPrice,0.01, 
TP43,PRM0331,t1,i_ILROfferMax,55, 
TP43,PRM0331,t1,i_ILROfferPrice,0, 
TP43,PRM0331,t2,i_ILROfferMax,42.333, 
TP43,PRM0331,t2,i_ILROfferPrice,0.02, 
TP43,WGN0331,t1,i_ILROfferMax,0, 
TP43,WGN0331,t1,i_ILROfferPrice,0.1, 
TP43,WHI0111,t1,i_ILROfferMax,10, 
TP43,WHI0111,t1,i_ILROfferPrice,0, 
TP43,WHU0331,t1,i_ILROfferMax,1.3, 
TP43,WHU0331,t1,i_ILROfferPrice,0, 
TP43,WKO0331,t1,i_ILROfferMax,1.7, 
TP43,WKO0331,t1,i_ILROfferPrice,0, 
TP44,BOB1101,t1,i_ILROfferMax,5.389, 
TP44,BOB1101,t1,i_ILROfferPrice,0, 
TP44,CPK0331,t1,i_ILROfferMax,5.82, 
TP44,CPK0331,t1,i_ILROfferPrice,0.01, 
TP44,CPK0331,t2,i_ILROfferMax,3.5, 
TP44,CPK0331,t2,i_ILROfferPrice,5.15, 
TP44,CPK0331,t3,i_ILROfferMax,2.3, 
TP44,CPK0331,t3,i_ILROfferPrice,10.29, 
TP44,HAM0331,t1,i_ILROfferMax,7.886, 
TP44,HAM0331,t1,i_ILROfferPrice,0.01, 
TP44,HIN0331,t1,i_ILROfferMax,2.5, 
TP44,HIN0331,t1,i_ILROfferPrice,0, 
TP44,ISL0331,t1,i_ILROfferMax,0, 
TP44,ISL0331,t1,i_ILROfferPrice,0, 
TP44,KAW0111,t1,i_ILROfferMax,6, 
TP44,KAW0111,t1,i_ILROfferPrice,600, 
TP44,KAW0113,t1,i_ILROfferMax,0, 
TP44,KAW0113,t1,i_ILROfferPrice,0, 
TP44,KIN0331,t1,i_ILROfferMax,1.5, 
TP44,KIN0331,t1,i_ILROfferPrice,0, 
TP44,KPU0661,t1,i_ILROfferMax,1.5, 
TP44,KPU0661,t1,i_ILROfferPrice,0, 
TP44,MPE1101,t1,i_ILROfferMax,5.5, 
TP44,MPE1101,t1,i_ILROfferPrice,0, 
TP44,PEN0331,t1,i_ILROfferMax,0, 
TP44,PEN0331,t1,i_ILROfferPrice,0.01, 
TP44,PRM0331,t1,i_ILROfferMax,55, 
TP44,PRM0331,t1,i_ILROfferPrice,0, 
TP44,PRM0331,t2,i_ILROfferMax,41.641, 
TP44,PRM0331,t2,i_ILROfferPrice,0.02, 
TP44,WGN0331,t1,i_ILROfferMax,0, 
TP44,WGN0331,t1,i_ILROfferPrice,0.1, 
TP44,WHI0111,t1,i_ILROfferMax,10, 
TP44,WHI0111,t1,i_ILROfferPrice,0, 
TP44,WHU0331,t1,i_ILROfferMax,1, 
TP44,WHU0331,t1,i_ILROfferPrice,0, 
TP44,WKO0331,t1,i_ILROfferMax,1.7, 
TP44,WKO0331,t1,i_ILROfferPrice,0, 
TP45,BOB1101,t1,i_ILROfferMax,4.63, 
TP45,BOB1101,t1,i_ILROfferPrice,0, 
TP45,CPK0331,t1,i_ILROfferMax,5.742, 
TP45,CPK0331,t1,i_ILROfferPrice,0.01, 
TP45,CPK0331,t2,i_ILROfferMax,3.4, 
TP45,CPK0331,t2,i_ILROfferPrice,5.15, 
TP45,CPK0331,t3,i_ILROfferMax,2.3, 
TP45,CPK0331,t3,i_ILROfferPrice,10.29, 
TP45,HAM0331,t1,i_ILROfferMax,7.077, 
TP45,HAM0331,t1,i_ILROfferPrice,0.01, 
TP45,HIN0331,t1,i_ILROfferMax,2, 
TP45,HIN0331,t1,i_ILROfferPrice,0, 
TP45,ISL0331,t1,i_ILROfferMax,0, 
TP45,ISL0331,t1,i_ILROfferPrice,0, 
TP45,KAW0111,t1,i_ILROfferMax,6, 
TP45,KAW0111,t1,i_ILROfferPrice,600, 
TP45,KAW0113,t1,i_ILROfferMax,20, 
TP45,KAW0113,t1,i_ILROfferPrice,0, 
TP45,KIN0331,t1,i_ILROfferMax,1.5, 
TP45,KIN0331,t1,i_ILROfferPrice,0, 
TP45,KPU0661,t1,i_ILROfferMax,2, 
TP45,KPU0661,t1,i_ILROfferPrice,0, 
TP45,MPE1101,t1,i_ILROfferMax,5.5, 
TP45,MPE1101,t1,i_ILROfferPrice,0, 
TP45,PEN0331,t1,i_ILROfferMax,16.8, 
TP45,PEN0331,t1,i_ILROfferPrice,0.01, 
TP45,PEN0331,t2,i_ILROfferMax,8.4, 
TP45,PEN0331,t2,i_ILROfferPrice,0.45, 
TP45,PEN0331,t3,i_ILROfferMax,8.4, 
TP45,PEN0331,t3,i_ILROfferPrice,2.95, 
TP45,PRM0331,t1,i_ILROfferMax,55, 
TP45,PRM0331,t1,i_ILROfferPrice,0, 
TP45,PRM0331,t2,i_ILROfferMax,45.655, 
TP45,PRM0331,t2,i_ILROfferPrice,0.02, 
TP45,WGN0331,t1,i_ILROfferMax,0, 
TP45,WGN0331,t1,i_ILROfferPrice,0.1, 
TP45,WHI0111,t1,i_ILROfferMax,40, 
TP45,WHI0111,t1,i_ILROfferPrice,0, 
TP45,WHU0331,t1,i_ILROfferMax,1, 
TP45,WHU0331,t1,i_ILROfferPrice,0, 
TP45,WKO0331,t1,i_ILROfferMax,1.5, 
TP45,WKO0331,t1,i_ILROfferPrice,0, 
TP46,BOB1101,t1,i_ILROfferMax,3.907, 
TP46,BOB1101,t1,i_ILROfferPrice,0, 
TP46,CPK0331,t1,i_ILROfferMax,4.972, 
TP46,CPK0331,t1,i_ILROfferPrice,0.01, 
TP46,CPK0331,t2,i_ILROfferMax,3, 
TP46,CPK0331,t2,i_ILROfferPrice,5.15, 
TP46,CPK0331,t3,i_ILROfferMax,2, 
TP46,CPK0331,t3,i_ILROfferPrice,10.29, 
TP46,HAM0331,t1,i_ILROfferMax,6.496, 
TP46,HAM0331,t1,i_ILROfferPrice,0.01, 
TP46,HIN0331,t1,i_ILROfferMax,1.5, 
TP46,HIN0331,t1,i_ILROfferPrice,0, 
TP46,ISL0331,t1,i_ILROfferMax,0, 
TP46,ISL0331,t1,i_ILROfferPrice,0, 
TP46,KAW0111,t1,i_ILROfferMax,6, 
TP46,KAW0111,t1,i_ILROfferPrice,600, 
TP46,KAW0113,t1,i_ILROfferMax,31, 
TP46,KAW0113,t1,i_ILROfferPrice,0, 
TP46,KIN0331,t1,i_ILROfferMax,1.2, 
TP46,KIN0331,t1,i_ILROfferPrice,0, 
TP46,KPU0661,t1,i_ILROfferMax,2, 
TP46,KPU0661,t1,i_ILROfferPrice,0, 
TP46,MPE1101,t1,i_ILROfferMax,4, 
TP46,MPE1101,t1,i_ILROfferPrice,0, 
TP46,PEN0331,t1,i_ILROfferMax,16.3, 
TP46,PEN0331,t1,i_ILROfferPrice,0.01, 
TP46,PEN0331,t2,i_ILROfferMax,8.2, 
TP46,PEN0331,t2,i_ILROfferPrice,0.45, 
TP46,PEN0331,t3,i_ILROfferMax,8.2, 
TP46,PEN0331,t3,i_ILROfferPrice,2.95, 
TP46,PRM0331,t1,i_ILROfferMax,55, 
TP46,PRM0331,t1,i_ILROfferPrice,0, 
TP46,PRM0331,t2,i_ILROfferMax,43.613, 
TP46,PRM0331,t2,i_ILROfferPrice,0.02, 
TP46,WGN0331,t1,i_ILROfferMax,0, 
TP46,WGN0331,t1,i_ILROfferPrice,0.1, 
TP46,WHI0111,t1,i_ILROfferMax,40, 
TP46,WHI0111,t1,i_ILROfferPrice,0, 
TP46,WHU0331,t1,i_ILROfferMax,1, 
TP46,WHU0331,t1,i_ILROfferPrice,0, 
TP46,WKO0331,t1,i_ILROfferMax,1.5, 
TP46,WKO0331,t1,i_ILROfferPrice,0, 
TP47,BOB1101,t1,i_ILROfferMax,2.835, 
TP47,BOB1101,t1,i_ILROfferPrice,0, 
TP47,CPK0331,t1,i_ILROfferMax,4.202, 
TP47,CPK0331,t1,i_ILROfferPrice,0.01, 
TP47,CPK0331,t2,i_ILROfferMax,2.5, 
TP47,CPK0331,t2,i_ILROfferPrice,5.15, 
TP47,CPK0331,t3,i_ILROfferMax,1.7, 
TP47,CPK0331,t3,i_ILROfferPrice,10.29, 
TP47,HAM0331,t1,i_ILROfferMax,6.102, 
TP47,HAM0331,t1,i_ILROfferPrice,0.01, 
TP47,HIN0331,t1,i_ILROfferMax,1.5, 
TP47,HIN0331,t1,i_ILROfferPrice,0, 
TP47,ISL0331,t1,i_ILROfferMax,0, 
TP47,ISL0331,t1,i_ILROfferPrice,0, 
TP47,KAW0111,t1,i_ILROfferMax,6, 
TP47,KAW0111,t1,i_ILROfferPrice,600, 
TP47,KAW0113,t1,i_ILROfferMax,62, 
TP47,KAW0113,t1,i_ILROfferPrice,0, 
TP47,KIN0331,t1,i_ILROfferMax,1.1, 
TP47,KIN0331,t1,i_ILROfferPrice,0, 
TP47,KPU0661,t1,i_ILROfferMax,1, 
TP47,KPU0661,t1,i_ILROfferPrice,0, 
TP47,MPE1101,t1,i_ILROfferMax,4, 
TP47,MPE1101,t1,i_ILROfferPrice,0, 
TP47,PEN0331,t1,i_ILROfferMax,14.9, 
TP47,PEN0331,t1,i_ILROfferPrice,0.01, 
TP47,PEN0331,t2,i_ILROfferMax,7.5, 
TP47,PEN0331,t2,i_ILROfferPrice,0.45, 
TP47,PEN0331,t3,i_ILROfferMax,7.5, 
TP47,PEN0331,t3,i_ILROfferPrice,2.95, 
TP47,PRM0331,t1,i_ILROfferMax,55, 
TP47,PRM0331,t1,i_ILROfferPrice,0, 
TP47,PRM0331,t2,i_ILROfferMax,42.395, 
TP47,PRM0331,t2,i_ILROfferPrice,0.02, 
TP47,WGN0331,t1,i_ILROfferMax,0, 
TP47,WGN0331,t1,i_ILROfferPrice,0.1, 
TP47,WHI0111,t1,i_ILROfferMax,40, 
TP47,WHI0111,t1,i_ILROfferPrice,0, 
TP47,WHU0331,t1,i_ILROfferMax,1, 
TP47,WHU0331,t1,i_ILROfferPrice,0, 
TP47,WKO0331,t1,i_ILROfferMax,1.1, 
TP47,WKO0331,t1,i_ILROfferPrice,0, 
TP48,BOB1101,t1,i_ILROfferMax,3.189, 
TP48,BOB1101,t1,i_ILROfferPrice,0, 
TP48,CPK0331,t1,i_ILROfferMax,3.476, 
TP48,CPK0331,t1,i_ILROfferPrice,0.01, 
TP48,CPK0331,t2,i_ILROfferMax,2.1, 
TP48,CPK0331,t2,i_ILROfferPrice,5.15, 
TP48,CPK0331,t3,i_ILROfferMax,1.4, 
TP48,CPK0331,t3,i_ILROfferPrice,10.29, 
TP48,HAM0331,t1,i_ILROfferMax,4.696, 
TP48,HAM0331,t1,i_ILROfferPrice,0.01, 
TP48,HIN0331,t1,i_ILROfferMax,1.5, 
TP48,HIN0331,t1,i_ILROfferPrice,0, 
TP48,ISL0331,t1,i_ILROfferMax,0, 
TP48,ISL0331,t1,i_ILROfferPrice,0, 
TP48,KAW0111,t1,i_ILROfferMax,6, 
TP48,KAW0111,t1,i_ILROfferPrice,600, 
TP48,KAW0113,t1,i_ILROfferMax,62, 
TP48,KAW0113,t1,i_ILROfferPrice,0, 
TP48,KIN0331,t1,i_ILROfferMax,1, 
TP48,KIN0331,t1,i_ILROfferPrice,0, 
TP48,KPU0661,t1,i_ILROfferMax,0.8, 
TP48,KPU0661,t1,i_ILROfferPrice,0, 
TP48,MPE1101,t1,i_ILROfferMax,4, 
TP48,MPE1101,t1,i_ILROfferPrice,0, 
TP48,PEN0331,t1,i_ILROfferMax,13.4, 
TP48,PEN0331,t1,i_ILROfferPrice,0.01, 
TP48,PEN0331,t2,i_ILROfferMax,6.7, 
TP48,PEN0331,t2,i_ILROfferPrice,0.45, 
TP48,PEN0331,t3,i_ILROfferMax,6.7, 
TP48,PEN0331,t3,i_ILROfferPrice,2.95, 
TP48,PRM0331,t1,i_ILROfferMax,55, 
TP48,PRM0331,t1,i_ILROfferPrice,0, 
TP48,PRM0331,t2,i_ILROfferMax,39.848, 
TP48,PRM0331,t2,i_ILROfferPrice,0.02, 
TP48,WGN0331,t1,i_ILROfferMax,0, 
TP48,WGN0331,t1,i_ILROfferPrice,0.1, 
TP48,WHI0111,t1,i_ILROfferMax,30, 
TP48,WHI0111,t1,i_ILROfferPrice,0, 
TP48,WHU0331,t1,i_ILROfferMax,0.4, 
TP48,WHU0331,t1,i_ILROfferPrice,0, 
TP48,WKO0331,t1,i_ILROfferMax,0.6, 
TP48,WKO0331,t1,i_ILROfferPrice,0,
